0 0.27110200000000007 0.089672 0.08341599999999999 0.07327300000000002
0 0.920556 0.247034 0.08540200000000002 0.06141000000000002
0 0.16435 0.264829 0.098312 0.06629400000000003
0 0.677756 0.628402 0.098312 0.07885599999999997
0 0.867428 0.08932300000000001 0.08838100000000004 0.05024399999999999
0 0.660377 0.24005600000000005 0.053625000000000075 0.07536599999999996
0 0.16186699999999998 0.10711800000000002 0.08540200000000002 0.03140299999999999
0 0.1857 0.726448 0.10327699999999998 0.14096300000000003
0 0.729891 0.234822 0.05163900000000005 0.03279800000000003
0 0.15640500000000002 0.456036 0.044687000000000025 0.02582000000000005
0 0.939424 0.933357 0.03376400000000003 0.009072000000000007
0 0.446375 0.226099 0.05461799999999997 0.008374000000000022
0 0.8123140000000001 0.9267269999999999 0.023833000000000087 0.008373999999999944
0 0.564052 0.281228 0.11122099999999989 0.09350999999999998