0 0.186 0.234651 0.126 0.106563
0 0.8599999999999999 0.599506 0.118 0.09527200000000005
0 0.419 0.137968 0.094 0.05716300000000001
0 0.8100000000000002 0.7819339999999999 0.13 0.13267499999999996
0 0.5935 0.289344 0.139 0.10444600000000004
0 0.37 0.590332 0.094 0.10938599999999991
0 0.826 0.127735 0.128 0.13267500000000002
0 0.195 0.820395 0.14 0.08115699999999991
0 0.1705 0.38885 0.065 0.10021199999999997
0 0.10399999999999998 0.405787 0.042 0.023993999999999932
0 0.2445 0.6196190000000001 0.117 0.15243500000000001