0 0.18357499999999996 0.418077 0.21980699999999995 0.10692300000000002
0 0.629227 0.703846 0.15700500000000006 0.08461499999999993
0 0.678744 0.531154 0.15700500000000006 0.06846200000000006
0 0.20772900000000002 0.5580769999999999 0.17149800000000004 0.05461499999999992
0 0.1407 0.705 0.13647299999999998 0.05
0 0.121981 0.23999999999999996 0.115942 0.07846199999999998
0 0.886473 0.449615 0.10869599999999995 0.06846200000000006
0 0.350845 0.707308 0.15338200000000002 0.12384600000000004
0 0.7904590000000001 0.240385 0.119565 0.05153800000000003
0 0.926932 0.6984619999999999 0.09541099999999988 0.04
0 0.497585 0.7546150000000001 0.07004799999999996 0.035385000000000076
0 0.42995200000000006 0.147308 0.08454100000000002 0.01
0 0.93901 0.171923 0.08333300000000002 0.01
0 0.129227 0.091538 0.157005 0.029231000000000007