0 0.321172 0.469583 0.12320600000000002 0.07583300000000008
0 0.183612 0.518333 0.13995199999999997 0.061666999999999916
0 0.172249 0.6925 0.11961700000000003 0.065
0 0.171651 0.12291699999999998 0.15191400000000002 0.04583299999999999
0 0.523325 0.12041700000000001 0.11363599999999996 0.0325
0 0.47966500000000006 0.174167 0.12918699999999994 0.03666700000000001
0 0.39055 0.119583 0.08732100000000001 0.03583299999999999
0 0.5616029999999999 0.559167 0.11363599999999996 0.085
0 0.8385170000000001 0.09958300000000002 0.07655500000000005 0.0475
0 0.6901909999999999 0.485417 0.08612399999999992 0.03583300000000009
0 0.8636360000000001 0.455833 0.08373200000000014 0.02