0 0.767184 0.557857 0.07982300000000005 0.07428599999999992
0 0.63082 0.12071400000000002 0.09977799999999992 0.057143000000000006
0 0.537694 0.481429 0.088692 0.06857099999999995
0 0.32871400000000006 0.491786 0.15631899999999999 0.05071400000000007
0 0.521064 0.604643 0.07095299999999997 0.05785700000000003
0 0.207317 0.09714300000000001 0.10421300000000003 0.032857
0 0.119734 0.2985709999999999 0.050998000000000016 0.04142899999999997
0 0.487805 0.09107099999999999 0.06208400000000002 0.03642900000000002
0 0.9024389999999999 0.16392899999999996 0.088692 0.03928599999999999
0 0.9218399999999999 0.085714 0.08536599999999989 0.041428999999999994
0 0.6125280000000001 0.28321399999999997 0.052106000000000076 0.042142999999999965
0 0.27993300000000004 0.160714 0.06762700000000002 0.022856999999999995
0 0.776608 0.413571 0.0388029999999999 0.01
0 0.126386 0.5257140000000001 0.066519 0.011429000000000055
0 0.948448 0.5175 0.025498999999999977 0.009285999999999928
0 0.895787 0.583571 0.1019959999999999 0.05857099999999994