0 0.8409649999999999 0.185938 0.15453799999999995 0.078125
0 0.520033 0.16067700000000001 0.10629599999999999 0.050520999999999996
0 0.517989 0.342969 0.133279 0.05156199999999996
0 0.54538 0.779427 0.0883069999999999 0.05052100000000005
0 0.375307 0.533073 0.13082599999999997 0.036979000000000005
0 0.375715 0.771875 0.09730200000000003 0.034375
0 0.15208499999999997 0.216406 0.05887199999999999 0.06510400000000001
0 0.662715 0.195312 0.06296000000000002 0.03645800000000001
0 0.132052 0.7783849999999999 0.04497099999999999 0.021353999999999946
0 0.550695 0.5473960000000001 0.064595 0.022917000000000107
0 0.9100569999999999 0.532552 0.07195399999999998 0.018228999999999947
0 0.45175800000000005 0.665365 0.036795000000000064 0.009896000000000052
0 0.236713 0.134896 0.06786600000000001 0.009375
0 0.204007 0.08099000000000002 0.23139800000000005 0.02031300000000001