0 0.15488463426607757 0.75109375 0.1212567501227295 0.0509375
0 0.4474717722140403 0.3646875 0.1330387825233186 0.07875
0 0.4644084437898871 0.74453125 0.14629356897398135 0.0371875
0 0.21502209131075112 0.55296875 0.11585665193912617 0.0365625
0 0.3470790378006873 0.13359375 0.12862052037309768 0.0390625
0 0.14138438880706922 0.13109375 0.10603829160530191 0.0234375
0 0.8654884634266078 0.3484375 0.06676485027000491 0.050625
0 0.7012763868433971 0.36078125 0.13598429062346587 0.0371875
0 0.5252822778595975 0.14609375 0.16102110947471773 0.0396875
0 0.8585321551300933 0.1403625 0.09540500736377032 0.04760000000000002
0 0.7017673048600883 0.7553125 0.0859106529209622 0.04
0 0.8843888070692194 0.76140625 0.040746195385370644 0.0515625
0 0.16200294550810015 0.07484375 0.18065783014236622 0.0196875
0 0.09646539027982327 0.91890625 0.041728031418753066 0.0115625