0 0.132052 0.87923 0.13818500000000003 0.059343999999999994
0 0.858953 0.637689 0.1349139999999999 0.10619499999999998
0 0.190515 0.603852 0.19460299999999997 0.07183800000000001
0 0.47301699999999997 0.818844 0.126738 0.09994800000000009
0 0.103843 0.147059 0.10956699999999997 0.04633000000000002
0 0.595666 0.151484 0.10711400000000006 0.08329
0 0.722404 0.659813 0.11201999999999998 0.10879800000000005
0 0.82502 0.4182719999999999 0.13736699999999996 0.04112399999999998
0 0.553557 0.605414 0.10956699999999993 0.08641300000000006
0 0.8454620000000002 0.168402 0.16026200000000004 0.07548199999999997
0 0.311529 0.798542 0.111202 0.07496100000000007
0 0.369583 0.133264 0.09975500000000004 0.04685099999999999
0 0.58749 0.770953 0.07277200000000004 0.045808999999999954
0 0.12428500000000002 0.738417 0.07685999999999998 0.032794999999999935
0 0.12551100000000004 0.396668 0.06786599999999998 0.022904999999999988
0 0.495503 0.34174899999999997 0.4251840000000001 0.02134299999999995
0 0.9325429999999999 0.516398 0.025347999999999867 0.015616999999999957