0 0.23614200000000002 0.8507140000000001 0.11086500000000002 0.07285700000000003
0 0.492239 0.255714 0.12416900000000003 0.06
0 0.753326 0.87 0.0920180000000001 0.07714299999999996
0 0.154656 0.493214 0.129712 0.045
0 0.9007760000000001 0.901429 0.13192899999999985 0.07
0 0.22228400000000004 0.6671430000000002 0.262749 0.041429000000000056
0 0.8680710000000001 0.500714 0.0687360000000001 0.05571400000000007
0 0.152993 0.37535699999999994 0.09312599999999999 0.03642900000000002
0 0.38248299999999996 0.9053570000000001 0.088692 0.03357100000000011
0 0.445676 0.8096430000000001 0.09312599999999997 0.03071400000000007
0 0.788803 0.266429 0.12084299999999992 0.03571399999999999
0 0.207871 0.15035699999999996 0.05654099999999999 0.017856999999999994
0 0.502217 0.11678600000000001 0.06873599999999998 0.019286000000000008
0 0.782705 0.0775 0.044346 0.013571000000000007
0 0.812639 0.166786 0.04212900000000001 0.016429000000000013
0 0.889135 0.082857 0.04212900000000001 0.014286000000000009
0 0.7827049999999999 0.0775 0.06430199999999987 0.022143000000000006