0 0.59224 0.33636399999999994 0.14201999999999992 0.06363599999999998
0 0.11347 0.34181800000000007 0.14202 0.10727300000000003
0 0.277452 0.347727 0.12737900000000002 0.10636400000000001
0 0.42679399999999995 0.157273 0.14787700000000004 0.08
0 0.8689599999999998 0.698182 0.14494899999999988 0.06909099999999997
0 0.177892 0.7127269999999999 0.174231 0.0745449999999999
0 0.603221 0.12454499999999999 0.10541700000000004 0.07636400000000002
0 0.090776 0.164545 0.10834599999999998 0.10181799999999999
0 0.896779 0.15045499999999998 0.130307 0.10090900000000001
0 0.7811130000000001 0.350909 0.13616399999999995 0.08909099999999998
0 0.395315 0.684091 0.10834599999999998 0.04090900000000002
0 0.787701 0.131364 0.06735000000000015 0.04636400000000001
0 0.44143499999999997 0.352727 0.09516799999999995 0.04727300000000004
0 0.187408 0.272727 0.2957540000000001 0.009090999999999978
0 0.601025 0.503636 0.05710100000000006 0.021818000000000046
0 0.6010250000000001 0.7236359999999998 0.10102500000000006 0.10909099999999998