0 0.90374 0.11454499999999998 0.12603900000000007 0.098182
0 0.20152399999999998 0.542727 0.10664800000000003 0.052727000000000065
0 0.594183 0.529545 0.12188400000000008 0.07181800000000005
0 0.867036 0.7422730000000001 0.09141299999999998 0.05363600000000009
0 0.5048480000000001 0.085909 0.14265900000000006 0.10090899999999998
0 0.355263 0.043636 0.10110799999999996 0.08181800000000002
0 0.905125 0.5345450000000002 0.10387799999999998 0.08363600000000009
0 0.38434899999999994 0.7168180000000001 0.09279800000000005 0.051818000000000045
0 0.056787 0.066364 0.08033200000000001 0.098182
0 0.355956 0.328182 0.05817199999999999 0.08545499999999999
0 0.848338 0.595455 0.07063699999999999 0.04727299999999993
0 0.07687000000000001 0.5768179999999999 0.07340700000000001 0.044544999999999904
0 0.479224 0.5659089999999999 0.08587300000000003 0.046363999999999905
0 0.17036 0.779545 0.08587299999999999 0.024544999999999907
0 0.06856 0.305455 0.067867 0.029090999999999978
0 0.942521 0.681818 0.05678699999999988 0.02363600000000009