0 0.176755 0.11458299999999999 0.13801499999999997 0.070833
0 0.633777 0.4054170000000001 0.059322000000000014 0.069167
0 0.6682809999999999 0.655833 0.09685199999999994 0.04
0 0.1477 0.419167 0.09443099999999999 0.09833300000000003
0 0.776634 0.125833 0.24091999999999997 0.07
0 0.183414 0.2775 0.11501199999999999 0.055
0 0.32385 0.3808329999999999 0.07142900000000002 0.013332999999999989
0 0.856538 0.647917 0.12469700000000003 0.024166999999999918
0 0.496368 0.6524999999999999 0.15012100000000003 0.05666699999999992
0 0.23910399999999998 0.6766670000000001 0.158596 0.028333000000000084
0 0.8202179999999999 0.6920830000000001 0.12469700000000003 0.015833000000000083
0 0.16283300000000003 0.654167 0.14406800000000003 0.03166699999999992