0 0.6908850000000001 0.23416700000000001 0.13210000000000002 0.09333299999999999
0 0.9445179999999999 0.11 0.09775399999999984 0.085
0 0.715984 0.904167 0.11360599999999996 0.08166699999999992
0 0.478864 0.4645830000000001 0.11492699999999997 0.0825
0 0.151915 0.4025 0.150594 0.116667
0 0.555482 0.61875 0.11228499999999995 0.08416699999999992
0 0.137384 0.248333 0.124174 0.10166700000000001
0 0.5614269999999999 0.378333 0.13209999999999994 0.09
0 0.9451780000000001 0.6225 0.10700100000000005 0.1
0 0.38507300000000005 0.22833299999999998 0.10700100000000003 0.09166700000000001
0 0.550859 0.929167 0.08982800000000007 0.07166699999999991
0 0.610304 0.3133329999999999 0.494055 0.02333299999999999
0 0.6789959999999999 0.861667 0.04227200000000002 0.013333000000000084