0 0.17333299999999996 0.284375 0.146667 0.109375
0 0.161111 0.527734 0.08222199999999999 0.06328099999999992
0 0.35333299999999995 0.752734 0.184444 0.08046900000000008
0 0.836667 0.7031250000000001 0.07333300000000008 0.07343799999999998
0 0.831111 0.132422 0.09333300000000008 0.05390600000000001
0 0.81 0.45000000000000007 0.12222200000000005 0.09531200000000002
0 0.277778 0.49101599999999995 0.09333300000000003 0.14140599999999992
0 0.475 0.3078119999999999 0.06333299999999996 0.05
0 0.126111 0.870313 0.08777800000000001 0.13125
0 0.737778 0.164062 0.07333300000000008 0.04843799999999998
0 0.38722200000000007 0.119922 0.07222200000000005 0.03828100000000001
0 0.198333 0.05585899999999999 0.20555600000000002 0.017968999999999995
0 0.605 0.1125 0.018888999999999972 0.007812000000000019