0 0.8230890000000001 0.835556 0.052797000000000045 0.05333300000000008
0 0.853428 0.723889 0.07722599999999988 0.062222000000000055
0 0.8530340000000001 0.396111 0.07643800000000017 0.05333299999999996
0 0.527581 0.4175 0.08747000000000006 0.075
0 0.529551 0.355 0.05989000000000008 0.025556000000000016
0 0.13278200000000004 0.5777780000000001 0.043341000000000005 0.03444400000000005
0 0.316391 0.705278 0.06855799999999998 0.016111000000000028
0 0.139874 0.6430559999999998 0.11583899999999998 0.011666999999999917
0 0.44720299999999996 0.724444 0.04176499999999998 0.006666999999999916
0 0.646572 0.601111 0.030732999999999917 0.006666999999999916
0 0.139874 0.720833 0.054374000000000006 0.09833300000000009