0 0.125434 0.888846 0.09132900000000001 0.05615399999999996
0 0.13814999999999997 0.5738459999999999 0.07514499999999999 0.04461499999999992
0 0.796532 0.19500000000000003 0.09942199999999991 0.08384599999999999
0 0.157803 0.177692 0.08670499999999999 0.06153800000000003
0 0.277457 0.495 0.09248599999999998 0.03307699999999998
0 0.8491330000000001 0.4992309999999999 0.04277500000000009 0.021537999999999943
0 0.52659 0.5784619999999999 0.09595400000000004 0.021537999999999943
0 0.843353 0.801923 0.040462000000000026 0.034614999999999924
0 0.17572299999999996 0.805 0.025433999999999988 0.014614999999999921
0 0.520231 0.132692 0.19884399999999997 0.02538499999999999
0 0.8994220000000002 0.956923 0.03005800000000003 0.009231000000000118