0 0.729116 0.895258 0.14274100000000006 0.06878599999999992
0 0.411192 0.37519500000000006 0.13138699999999998 0.07816599999999999
0 0.7469590000000002 0.7652420000000001 0.14274100000000006 0.050547000000000106
0 0.477697 0.15086 0.191403 0.10995300000000002
0 0.8609080000000001 0.16701399999999997 0.161395 0.065138
0 0.116788 0.892131 0.068127 0.0781660000000001
0 0.281022 0.199844 0.127332 0.03699800000000004
0 0.167072 0.751433 0.069749 0.04064600000000007
0 0.10948900000000002 0.15476800000000002 0.08921299999999999 0.034393000000000014
0 0.452149 0.7816569999999999 0.09326800000000003 0.06774399999999998
0 0.107056 0.364773 0.05839399999999999 0.05002600000000002
0 0.9188970000000001 0.7462219999999999 0.042174000000000184 0.025012999999999893
0 0.8365770000000001 0.613601 0.05596100000000009 0.03074500000000004
0 0.19059199999999998 0.605784 0.14274099999999998 0.031786999999999975
0 0.599351 0.7535169999999999 0.03568499999999998 0.025012999999999893
0 0.341038 0.7767069999999999 0.04947300000000003 0.02866099999999993
0 0.4241690000000001 0.9095879999999998 0.024331000000000026 0.02240799999999993
0 0.5952959999999999 0.447368 0.05514999999999992 0.009901000000000035
0 0.471208 0.881449 0.032441000000000046 0.02240799999999993