0 0.505906 0.212037 0.12204700000000002 0.068519
0 0.4914700000000001 0.6046299999999999 0.145669 0.11481499999999996
0 0.675197 0.6148150000000001 0.11942300000000004 0.08148099999999996
0 0.845144 0.106944 0.09973800000000001 0.07129600000000001
0 0.729003 0.13888900000000004 0.11679800000000004 0.057406999999999986
0 0.287402 0.39768499999999996 0.07349099999999997 0.039814999999999955
0 0.12664 0.16574099999999997 0.11942299999999999 0.05925900000000002
0 0.133858 0.6865740000000001 0.09973800000000001 0.09351900000000005
0 0.354331 0.16759299999999996 0.08923900000000001 0.085185
0 0.7014440000000001 0.737963 0.08267700000000004 0.024073999999999977
0 0.7933070000000001 0.361574 0.16666700000000007 0.010185000000000046
0 0.41601 0.3625 0.07349099999999997 0.026852000000000046
0 0.194226 0.41620399999999996 0.07086599999999998 0.03611099999999996