0 0.7182940000000001 0.24346200000000007 0.13019099999999986 0.05153800000000003
0 0.251964 0.7530769999999999 0.11335599999999998 0.04461499999999992
0 0.184063 0.159615 0.184063 0.10692300000000002
0 0.8989899999999998 0.12846200000000002 0.10549899999999995 0.03692300000000002
0 0.12345699999999998 0.34230799999999995 0.10100999999999999 0.03076899999999997
0 0.099327 0.756538 0.08192999999999999 0.04846200000000006
0 0.405163 0.45653800000000005 0.07856300000000002 0.023846000000000037
0 0.391695 0.668462 0.08754199999999997 0.010769000000000058
0 0.119529 0.44923099999999994 0.09090899999999999 0.009230999999999942
0 0.946689 0.44923100000000005 0.07070700000000005 0.030769000000000057
0 0.580808 0.405 0.17171700000000006 0.03923099999999999
0 0.6475870000000001 0.45807699999999996 0.06509500000000011 0.03
0 0.790685 0.456923 0.05948400000000007 0.03230799999999992