0 0.129898 0.638182 0.132075 0.049090999999999975
0 0.586357 0.111818 0.191582 0.07636400000000002
0 0.838171 0.368182 0.17561700000000008 0.06363599999999998
0 0.11611 0.155909 0.11610999999999999 0.09363599999999998
0 0.940493 0.107273 0.09869400000000005 0.049091
0 0.170537 0.879545 0.152395 0.05909099999999998
0 0.7902760000000001 0.6395449999999999 0.09724199999999997 0.07545500000000009
0 0.352685 0.495 0.08998500000000004 0.06454499999999996
0 0.33744599999999997 0.354545 0.068215 0.049090999999999975
0 0.8642960000000001 0.5100000000000001 0.10595099999999995 0.02363600000000009
0 0.2924530000000001 0.413182 0.08272899999999996 0.037273000000000035
0 0.648766 0.6359089999999998 0.07547200000000007 0.03727299999999993
0 0.40856299999999995 0.133182 0.06531199999999995 0.05
0 0.092163 0.353182 0.062408999999999985 0.037273000000000035
0 0.936139 0.857727 0.07256900000000001 0.05363600000000009
0 0.8904210000000001 0.6363640000000002 0.068215 0.02363600000000009