0 0.447959 0.3625439999999999 0.09387800000000003 0.06219099999999997
0 0.562755 0.112367 0.09489799999999995 0.066431
0 0.60102 0.362898 0.11836699999999994 0.07985900000000001
0 0.133673 0.10459400000000002 0.102041 0.05795100000000001
0 0.847959 0.127562 0.102041 0.072792
0 0.366837 0.775972 0.18673500000000004 0.11448800000000003
0 0.846429 0.6381629999999999 0.08061199999999992 0.06501799999999996
0 0.315306 0.117314 0.07551000000000005 0.067845
0 0.857143 0.361131 0.08163300000000005 0.04805700000000004
0 0.147449 0.616608 0.06020399999999999 0.07279200000000008
0 0.135714 0.36042399999999997 0.05918399999999999 0.048056999999999996
0 0.121429 0.876678 0.04285700000000001 0.04169599999999996
0 0.533673 0.243816 0.04489799999999995 0.03957600000000001