0 0.18589000000000003 0.22076899999999997 0.194849 0.11538499999999999
0 0.36674099999999993 0.116923 0.10862299999999993 0.053846
0 0.8605819999999998 0.710385 0.09294499999999994 0.05769200000000008
0 0.754759 0.533462 0.10974200000000009 0.05923099999999994
0 0.20156799999999997 0.412692 0.12542000000000003 0.07461499999999996
0 0.16069400000000003 0.561538 0.128779 0.04
0 0.635498 0.272692 0.20044800000000002 0.05461500000000001
0 0.133819 0.8869229999999998 0.10414299999999999 0.05692299999999984
0 0.8840989999999999 0.42692299999999994 0.08174699999999993 0.026153999999999962
0 0.089026 0.06 0.090705 0.027691999999999994
0 0.452408 0.697692 0.05151200000000002 0.010769000000000058
0 0.87794 0.16307699999999997 0.08734600000000006 0.013845999999999995