0 0.071429 0.636818 0.134535 0.07
0 0.5638 0.663182 0.14285700000000004 0.12272700000000007
0 0.08113699999999999 0.780455 0.134535 0.1154550000000001
0 0.08321800000000001 0.491364 0.127601 0.11363600000000004
0 0.22330099999999997 0.333182 0.09986099999999998 0.08818199999999995
0 0.169903 0.026364 0.16227500000000003 0.03818200000000001
0 0.78294 0.302727 0.09292599999999998 0.06363599999999998
0 0.49375899999999995 0.5395450000000002 0.06380000000000006 0.051818000000000045
0 0.400139 0.036818 0.11789200000000001 0.053635999999999996
0 0.937587 0.626364 0.08599200000000014 0.06
0 0.7558949999999999 0.823636 0.049930999999999906 0.06909099999999997
0 0.066574 0.5668179999999999 0.108183 0.02636399999999991