0 0.561466 0.087083 0.193853 0.0925
0 0.46926699999999993 0.618333 0.09692699999999994 0.07
0 0.5650120000000001 0.5670830000000001 0.11347500000000005 0.10916699999999992
0 0.807329 0.8675000000000002 0.11820299999999997 0.085
0 0.827423 0.5608330000000001 0.11583900000000008 0.13166699999999992
0 0.293735 0.872083 0.09338099999999996 0.10083300000000009
0 0.519504 0.9120829999999999 0.08156000000000005 0.0825
0 0.37825100000000006 0.09166700000000001 0.06619400000000003 0.08000000000000002
0 0.6790780000000001 0.315833 0.05792000000000012 0.05166700000000001
0 0.43085100000000004 0.350417 0.08865200000000001 0.0475
0 0.134161 0.11208299999999999 0.14539000000000002 0.14083299999999999
0 0.827423 0.32000000000000006 0.08747000000000006 0.04333299999999999
0 0.38711600000000007 0.8766669999999999 0.07210400000000004 0.048333000000000084
0 0.8605199999999998 0.0875 0.06619399999999989 0.04166700000000001
0 0.10224599999999999 0.6558330000000001 0.093381 0.12
0 0.702719 0.069167 0.05082699999999999 0.01166700000000001