0 0.125894 0.143636 0.11444899999999997 0.07636400000000002
0 0.482833 0.33681800000000006 0.12732500000000002 0.066364
0 0.405579 0.736818 0.15879800000000002 0.1063639999999999
0 0.263948 0.386364 0.13304700000000005 0.105455
0 0.8512160000000001 0.7286359999999998 0.15450600000000014 0.08818199999999995
0 0.8140199999999999 0.176364 0.10872699999999987 0.09090900000000002
0 0.132332 0.863182 0.0701 0.08272700000000006
0 0.8826899999999999 0.352273 0.13447799999999988 0.10090900000000003
0 0.32403400000000004 0.136818 0.07010000000000004 0.05363599999999999
0 0.583691 0.840909 0.08869800000000003 0.04
0 0.118026 0.373182 0.098712 0.10636400000000001
0 0.351216 0.311818 0.061516 0.030909000000000023
0 0.8962800000000001 0.12818200000000002 0.07296100000000012 0.012727000000000016
0 0.173104 0.07727300000000001 0.203147 0.01636400000000001