0 0.793642 0.349231 0.09132900000000004 0.05692300000000002
0 0.8300580000000001 0.6596149999999998 0.10867099999999998 0.07461499999999992
0 0.394798 0.825 0.10289000000000004 0.04384600000000004
0 0.711561 0.16846199999999997 0.36185000000000006 0.11846199999999997
0 0.339306 0.271538 0.08670499999999999 0.04615399999999996
0 0.162428 0.851154 0.07976899999999998 0.02076899999999988
0 0.123121 0.6253849999999999 0.04277499999999999 0.021537999999999943
0 0.441618 0.623462 0.06936400000000001 0.02692300000000002
0 0.351445 0.39807699999999996 0.043931 0.013076999999999981
0 0.212139 0.4503849999999999 0.04508699999999998 0.014614999999999921
0 0.2728320000000001 0.39807699999999996 0.03699400000000003 0.011537999999999984