0 0.48501200000000005 0.190417 0.18345300000000006 0.099167
0 0.5695439999999999 0.379167 0.12949599999999992 0.09166700000000001
0 0.491007 0.89625 0.181055 0.11583300000000009
0 0.8956829999999999 0.09416699999999999 0.09352499999999991 0.04333299999999999
0 0.149281 0.469583 0.14508399999999996 0.1275
0 0.139089 0.072083 0.13189399999999998 0.05916700000000001
0 0.29976 0.6416669999999999 0.13189399999999998 0.06
0 0.832134 0.6675 0.2134290000000001 0.115
0 0.30335700000000004 0.07916699999999999 0.09112700000000001 0.04333299999999999
0 0.9322539999999999 0.372917 0.06354900000000013 0.0275
0 0.092926 0.653333 0.06594699999999999 0.023333000000000083