0 0.6026169999999998 0.136387 0.11610800000000002 0.06454999999999998
0 0.38838900000000004 0.495315 0.09484900000000002 0.05049499999999995
0 0.129191 0.159552 0.14717900000000003 0.09214000000000001
0 0.562142 0.679594 0.11038400000000001 0.07131699999999999
0 0.277596 0.701458 0.13818500000000003 0.08381100000000002
0 0.824612 0.6863609999999999 0.19215000000000002 0.05569999999999992
0 0.592396 0.486205 0.123467 0.04685099999999999
0 0.8470969999999999 0.14471600000000004 0.12264899999999991 0.08433100000000002
0 0.496321 0.846174 0.15045000000000003 0.10879800000000005
0 0.364677 0.135086 0.13900200000000001 0.036960000000000014
0 0.095666 0.697033 0.081766 0.022904999999999988
0 0.896975 0.479958 0.08013099999999984 0.02082200000000005