0 0.5065 0.734298 0.10700000000000005 0.08115699999999998
0 0.862 0.44072 0.076 0.052929000000000025
0 0.664 0.139732 0.08 0.08045200000000002
0 0.5675 0.182781 0.075 0.100212
0 0.853 0.11291499999999999 0.074 0.07480600000000001
0 0.7085 0.42448800000000003 0.065 0.052929000000000025
0 0.209 0.560692 0.068 0.07551200000000007
0 0.272 0.41919500000000004 0.088 0.031052000000000066
0 0.7715 0.280169 0.061 0.016937
0 0.339 0.838744 0.044 0.009173999999999986
0 0.14799999999999996 0.123147 0.026 0.0021170000000000147
0 0.14799999999999996 0.123147 0.026 0.0021170000000000147