0 0.5767716535433071 0.28583333333333333 0.1272965879265092 0.06666666666666667
0 0.29396325459317585 0.42333333333333334 0.10761154855643044 0.04833333333333333
0 0.8392125984251969 0.4395833333333333 0.16934383202099731 0.08416666666666667
0 0.13517060367454067 0.4370833333333333 0.09973753280839895 0.035833333333333335
0 0.12664041994750655 0.5504166666666667 0.07742782152230972 0.035833333333333335
0 0.8143044619422573 0.16375 0.1167979002624672 0.0375
0 0.8405511811023622 0.5783333333333334 0.08792650918635171 0.05
0 0.5964566929133859 0.16 0.06955380577427822 0.04833333333333333
0 0.12664041994750655 0.14208333333333334 0.07480314960629922 0.024166666666666666
0 0.1279527559055118 0.6245833333333334 0.06430446194225722 0.0225
0 0.8858267716535433 0.75375 0.06036745406824147 0.035833333333333335
0 0.44816272965879267 0.8666666666666667 0.051181102362204724 0.011666666666666667
0 0.4048556430446194 0.4195833333333333 0.045931758530183726 0.009166666666666667
0 0.34776902887139105 0.8633333333333333 0.06036745406824147 0.01