0 0.5101010000000001 0.79 0.09988800000000005 0.05692299999999993
0 0.8209880000000002 0.483077 0.14702600000000005 0.058462000000000056
0 0.852974 0.9184620000000001 0.1436589999999999 0.08769200000000008
0 0.337262 0.7953849999999999 0.12008999999999997 0.04461499999999992
0 0.112795 0.474231 0.16498299999999996 0.04538500000000008
0 0.53367 0.9 0.07968599999999999 0.04615399999999996
0 0.054433 0.873077 0.070707 0.026153999999999962
0 0.20707100000000003 0.07961499999999999 0.048260000000000004 0.020768999999999992
0 0.833333 0.651154 0.16498300000000005 0.03307699999999998
0 0.129068 0.14269200000000004 0.06285100000000002 0.01461500000000001
0 0.8984289999999999 0.773846 0.052750000000000054 0.03076899999999997