0 0.713773 0.5104549999999999 0.13342900000000005 0.07545500000000009
0 0.730273 0.613182 0.12338599999999993 0.08636399999999991
0 0.548063 0.7804550000000001 0.14347200000000007 0.09181800000000005
0 0.122669 0.519091 0.06456199999999998 0.0636360000000001
0 0.119082 0.753182 0.11764700000000003 0.0936360000000001
0 0.053802 0.8572730000000001 0.07891 0.0636360000000001
0 0.12195100000000002 0.241818 0.149211 0.094545
0 0.49784800000000007 0.226364 0.08608300000000005 0.08181800000000002
0 0.907461 0.782727 0.08177899999999998 0.08909099999999998
0 0.134146 0.06363599999999998 0.173601 0.023635999999999994
0 0.897418 0.129091 0.08464799999999995 0.02909099999999999
0 0.418221 0.626818 0.07891 0.05909099999999998
0 0.502152 0.10863600000000001 0.022955999999999938 0.035454999999999987
0 0.421808 0.5200000000000001 0.06312800000000003 0.08181800000000004
0 0.25825 0.9272730000000001 0.02295600000000002 0.021818000000000046
0 0.917504 0.5318179999999999 0.0043040000000000795 0.06
0 0.337877 0.507273 0.007173999999999972 0.05636399999999991
0 0.066714 0.934545 0.035868 0.010908999999999919