0 0.552331 0.755 0.09895299999999999 0.059332999999999934
0 0.8872500000000001 0.740667 0.09419600000000002 0.05733299999999993
0 0.142008 0.462333 0.08230299999999999 0.04466700000000007
0 0.15104699999999996 0.16666700000000004 0.05566099999999999 0.069333
0 0.37321599999999994 0.455 0.08515699999999998 0.035332999999999934
0 0.8853470000000001 0.517667 0.042816000000000055 0.03266700000000007
0 0.451237 0.2995 0.06707900000000004 0.035
0 0.487393 0.473167 0.04043800000000005 0.023
0 0.25023800000000007 0.108 0.04757399999999999 0.030666999999999993
0 0.15461499999999997 0.7229999999999999 0.04376800000000003 0.025332999999999932
0 0.7126550000000001 0.7125 0.048525 0.026332999999999933
0 0.251903 0.723667 0.028069000000000024 0.024
0 0.20456699999999997 0.42266700000000007 0.057087999999999986 0.008667000000000069
0 0.908896 0.422167 0.024262999999999982 0.009
0 0.273073 0.7011669999999999 0.019028999999999952 0.011667000000000068
0 0.439106 0.7239999999999999 0.059942999999999996 0.027332999999999934
0 0.9162700000000001 0.947667 0.022835000000000022 0.012