0 0.780208 0.173626 0.10625 0.04981699999999999
0 0.202604 0.8575089999999999 0.15104199999999998 0.038827999999999925
0 0.343229 0.323077 0.16145800000000002 0.04102600000000001
0 0.436458 0.8014649999999999 0.060416999999999985 0.03809500000000002
0 0.7307289999999999 0.088645 0.0677079999999999 0.021977999999999994
0 0.536458 0.637363 0.075 0.03370000000000008
0 0.9213539999999999 0.06556799999999999 0.1322920000000001 0.05787499999999999
0 0.340625 0.559341 0.16041699999999998 0.03589700000000002
0 0.6156249999999999 0.789744 0.05208299999999989 0.02344299999999998
0 0.6755209999999999 0.198168 0.09270799999999989 0.02564099999999998
0 0.316667 0.678022 0.0875 0.054945000000000056
0 0.447917 0.8860810000000002 0.06666699999999999 0.028571000000000166
0 0.7572920000000001 0.428571 0.04166700000000011 0.03370000000000008
0 0.21666700000000003 0.131136 0.06458300000000002 0.013186999999999987
0 0.816146 0.7901099999999999 0.046875 0.02417599999999989
0 0.509375 0.430037 0.05 0.013186999999999945
0 0.7265619999999999 0.863736 0.146875 0.02637399999999989
0 0.36770800000000003 0.43699599999999994 0.189583 0.04908399999999996
0 0.301042 0.625641 0.08125 0.013186999999999945
0 0.297396 0.387179 0.07395800000000001 0.013918999999999963
0 0.745833 0.9402930000000002 0.16875 0.03296700000000017
0 0.7963539999999999 0.069231 0.046875 0.009523999999999998
0 0.43177100000000007 0.199267 0.028125 0.010256000000000036
0 0.7880209999999999 0.404396 0.03645799999999989 0.02344299999999998
0 0.683854 0.9062270000000002 0.046875 0.005861000000000093
0 0.279167 0.07362600000000001 0.09375 0.047618999999999995