0 0.102564 0.812083 0.18717899999999998 0.07916699999999992
0 0.492308 0.820417 0.15897400000000003 0.07583299999999998
0 0.094231 0.690833 0.16794900000000001 0.09
0 0.13141 0.5825 0.20384599999999994 0.07333300000000008
0 0.6762820000000002 0.619583 0.111538 0.04916699999999992
0 0.882051 0.18125 0.2153849999999999 0.08916700000000001
0 0.510897 0.67375 0.09102599999999997 0.0475
0 0.114744 0.10791700000000001 0.126923 0.069167
0 0.803846 0.98125 0.34615399999999996 0.0225
0 0.578205 0.400833 0.22307699999999994 0.02666700000000001
0 0.8910260000000001 0.74875 0.19487200000000007 0.3541669999999999
0 0.886538 0.9583330000000001 0.05 0.013333000000000084