0 0.5373443983402489 0.27454545454545454 0.0954356846473029 0.05090909090909091
0 0.6721991701244814 0.6918181818181818 0.11894882434301521 0.09454545454545454
0 0.06431535269709543 0.18181818181818182 0.08713692946058091 0.05272727272727273
0 0.5518672199170125 0.67 0.0995850622406639 0.08181818181818182
0 0.9384508990318119 0.7218181818181818 0.11756569847856155 0.15818181818181817
0 0.0751728907330567 0.6695454545454546 0.1116182572614108 0.11181818181818182
0 0.6867219917012448 0.29045454545454547 0.05394190871369295 0.03727272727272727
0 0.5622406639004149 0.04090909090909091 0.0677731673582296 0.023636363636363636
0 0.6452282157676349 0.8059090909090909 0.04564315352697095 0.03727272727272727
0 0.46473029045643155 0.14227272727272727 0.04426002766251729 0.03727272727272727
0 0.9218533886583679 0.2863636363636364 0.0677731673582296 0.02909090909090909
0 0.669432918395574 0.39545454545454545 0.08022130013831259 0.03090909090909091