0 0.306667 0.716406 0.08888899999999997 0.07656299999999998
0 0.49777799999999994 0.12460900000000001 0.07777799999999994 0.063281
0 0.477778 0.37578100000000003 0.09555600000000002 0.075
0 0.443333 0.230859 0.07777799999999994 0.05390600000000001
0 0.8305559999999998 0.572656 0.05666699999999992 0.053125
0 0.185 0.7269530000000001 0.092222 0.03359400000000008
0 0.399444 0.340234 0.06555600000000002 0.03203100000000001
0 0.487222 0.8757809999999999 0.03888899999999997 0.021875
0 0.31611100000000003 0.5011719999999998 0.16777799999999998 0.03828099999999992
0 0.5116670000000001 0.519141 0.13888900000000004 0.07734400000000008
0 0.11888900000000001 0.854688 0.06666699999999999 0.11093699999999992
0 0.918889 0.728125 0.04 0.0125
0 0.8805560000000001 0.790625 0.03444400000000011 0.0125
0 0.372222 0.167578 0.04 0.01171899999999999
0 0.266667 0.155078 0.12444399999999999 0.09921900000000002