0 0.5182529999999999 0.91 0.13950499999999993 0.06833300000000009
0 0.851369 0.145833 0.140808 0.08166700000000002
0 0.851369 0.574583 0.14341600000000007 0.0825
0 0.15189 0.571667 0.12385899999999998 0.08166699999999992
0 0.6675359999999999 0.159583 0.140808 0.0375
0 0.430248 0.15041700000000002 0.08865699999999997 0.02416700000000001
0 0.187093 0.148333 0.160365 0.02333299999999999
0 0.135593 0.735833 0.057365999999999986 0.023333000000000083
0 0.436115 0.520417 0.05345500000000005 0.0125
0 0.6525420000000001 0.25125 0.13428900000000007 0.03083299999999999
0 0.8813560000000001 0.7512499999999999 0.09908700000000015 0.0375
0 0.522164 0.776667 0.14211200000000002 0.065