0 0.7767940000000001 0.6953120000000002 0.14880400000000002 0.090625
0 0.14614699999999997 0.709063 0.148804 0.078125
0 0.922941 0.659375 0.0903450000000001 0.05875
0 0.3848539999999999 0.875625 0.07528799999999997 0.08125
0 0.848096 0.4275 0.1284319999999999 0.05
0 0.669176 0.872188 0.06997299999999997 0.069375
0 0.13286100000000003 0.9325 0.054915999999999986 0.065
0 0.143933 0.1875 0.12488900000000001 0.05
0 0.5376439999999999 0.132812 0.15057599999999993 0.078125
0 0.18999100000000002 0.49906300000000003 0.11248900000000002 0.085625
0 0.479628 0.947187 0.07174500000000002 0.030625
0 0.171833 0.845 0.042516 0.01125