0 0.453636 0.155625 0.12363599999999994 0.075
0 0.157727 0.697187 0.10454500000000001 0.084375
0 0.916818 0.710313 0.06272699999999996 0.068125
0 0.9377269999999999 0.363125 0.05363600000000009 0.07875
0 0.142273 0.270313 0.08818200000000001 0.034375
0 0.617727 0.3475 0.07727299999999993 0.14125
0 0.6363640000000002 0.7581250000000002 0.052727000000000065 0.08625
0 0.141364 0.490625 0.08272700000000001 0.0325
0 0.672727 0.07406300000000002 0.049090999999999975 0.04187500000000001
0 0.375 0.413438 0.05363599999999999 0.029375
0 0.321364 0.1225 0.08272699999999997 0.015
0 0.222727 0.661563 0.07090900000000003 0.036875
0 0.9659090000000002 0.24875 0.057273000000000136 0.01375
0 0.43227299999999996 0.395625 0.035454999999999987 0.02875