0 0.775294 0.87625 0.10588200000000009 0.08083300000000009
0 0.771176 0.075 0.08588200000000008 0.088333
0 0.829412 0.406667 0.10117600000000011 0.07166699999999997
0 0.895294 0.12416700000000001 0.10352899999999997 0.095
0 0.6329410000000001 0.8820829999999998 0.10117600000000006 0.12083300000000008
0 0.37352900000000006 0.0975 0.07647100000000003 0.046667000000000014
0 0.161176 0.6329170000000001 0.06352900000000002 0.06083300000000008
0 0.918824 0.851667 0.0658820000000001 0.08
0 0.656471 0.613333 0.05176500000000006 0.04
0 0.299412 0.352083 0.04823499999999997 0.0175
0 0.926471 0.37125 0.05529400000000003 0.029167000000000012