0 0.247047 0.351807 0.07852700000000001 0.07275399999999999
0 0.8366919999999999 0.071289 0.11118799999999987 0.054687999999999994
0 0.387074 0.086914 0.09034099999999996 0.10546900000000001
0 0.494093 0.080078 0.07088300000000007 0.04882800000000001
0 0.509382 0.373535 0.07644199999999993 0.03613299999999997
0 0.665393 0.73999 0.05628899999999999 0.025878999999999985
0 0.36171 0.348877 0.08130600000000002 0.027831999999999968
0 0.130994 0.356934 0.10910400000000003 0.10058599999999995
0 0.3836 0.911621 0.07227199999999998 0.0283199999999999
0 0.8412089999999999 0.407959 0.09659499999999988 0.147949
0 0.113273 0.074219 0.077832 0.027344000000000007
0 0.118833 0.888184 0.05003499999999999 0.0654300000000001
0 0.082349 0.580566 0.134121 0.19433600000000006
0 0.46629600000000004 0.880371 0.027796999999999968 0.050780999999999965
0 0.550035 0.872803 0.059069000000000045 0.036621000000000015
0 0.856845 0.873047 0.07227200000000009 0.03710900000000006