0 0.428095 0.897333 0.107619 0.048
0 0.422381 0.515333 0.08476199999999998 0.048
0 0.31381 0.492333 0.06761900000000001 0.08733299999999994
0 0.4338099999999999 0.801667 0.09238099999999999 0.05266700000000007
0 0.548095 0.8976669999999999 0.0676189999999999 0.06733299999999993
0 0.8685710000000001 0.630333 0.1009520000000001 0.027332999999999934
0 0.8580949999999999 0.479333 0.047618999999999904 0.028
0 0.131905 0.3856670000000001 0.07333299999999998 0.043332999999999934
0 0.322857 0.39633299999999994 0.036190000000000014 0.027332999999999934
0 0.85619 0.394667 0.08571400000000007 0.03066700000000007
0 0.12238100000000002 0.700333 0.046666999999999986 0.0073329999999999325
0 0.6628570000000001 0.346667 0.1276189999999999 0.016