0 0.156291 0.263636 0.119205 0.09272699999999999
0 0.292715 0.687273 0.164238 0.050909000000000024
0 0.254967 0.15 0.16821200000000003 0.12
0 0.880795 0.135 0.13774799999999995 0.08636400000000001
0 0.7364240000000001 0.695909 0.1112580000000001 0.10090900000000003
0 0.17549700000000001 0.924545 0.139073 0.10545500000000009
0 0.8854300000000002 0.695455 0.11788099999999993 0.08727299999999993
0 0.39205300000000004 0.43590900000000005 0.11390699999999997 0.04090900000000002
0 0.9039740000000002 0.458182 0.14966900000000014 0.13818199999999994
0 0.542384 0.5718180000000002 0.125828 0.02363600000000009
0 0.12450299999999999 0.402727 0.063576 0.010909000000000023
0 0.44635800000000003 0.6813639999999999 0.119205 0.01727299999999993