0 0.9159289999999999 0.39807700000000007 0.13495599999999988 0.09307699999999998
0 0.929757 0.12153800000000001 0.10951299999999994 0.112308
0 0.575774 0.483077 0.13827400000000004 0.07846200000000006
0 0.185841 0.8346149999999999 0.192478 0.12923100000000004
0 0.454093 0.130769 0.13385000000000002 0.112308
0 0.293695 0.11961500000000001 0.11172600000000003 0.05
0 0.575774 0.09653800000000001 0.08960199999999999 0.096154
0 0.7765489999999999 0.666538 0.09291999999999989 0.06692300000000002
0 0.6150440000000001 0.755385 0.10840699999999995 0.04
0 0.9491149999999999 0.664615 0.05973500000000003 0.03230799999999992
0 0.316925 0.736923 0.05862800000000005 0.016923000000000018
0 0.059734999999999996 0.682692 0.103982 0.06384600000000004