0 0.808612 0.355833 0.162679 0.08
0 0.802632 0.148333 0.11961700000000003 0.09666700000000002
0 0.831938 0.5241670000000002 0.13277500000000003 0.11666699999999991
0 0.435407 0.14625 0.12918699999999994 0.0675
0 0.44677000000000006 0.5108329999999999 0.08492800000000003 0.08666699999999991
0 0.38397100000000006 0.57875 0.06698600000000006 0.0425
0 0.276914 0.34125 0.07775100000000001 0.04083299999999999
0 0.284091 0.12333299999999998 0.070574 0.05833299999999999
0 0.6184209999999999 0.327917 0.07177000000000003 0.0425
0 0.675239 0.131667 0.0944980000000001 0.03166700000000001
0 0.472488 0.7591670000000001 0.299043 0.15666699999999992