0 0.8626299999999999 0.056244 0.17838499999999988 0.08414499999999998
0 0.6842449999999999 0.07041599999999999 0.10807300000000009 0.08414500000000001
0 0.21484400000000003 0.552259 0.252604 0.06642999999999998
0 0.8880209999999998 0.795837 0.15625 0.128432
0 0.8528649999999999 0.5673160000000002 0.20572899999999983 0.11957500000000011
0 0.510417 0.046501 0.13541700000000004 0.048715999999999995
0 0.397786 0.7710359999999999 0.11848999999999998 0.03985799999999991
0 0.22721400000000003 0.337024 0.09765600000000003 0.031001000000000015
0 0.8782550000000001 0.333481 0.15755199999999991 0.038087
0 0.813151 0.9047830000000001 0.05859399999999996 0.013286000000000036
0 0.43099 0.329495 0.08593799999999992 0.10628899999999998