0 0.69708 0.571562 0.20437999999999992 0.063125
0 0.18384999999999999 0.928125 0.21989099999999998 0.0825
0 0.850821 0.084062 0.2691609999999999 0.060625
0 0.5989960000000001 0.911563 0.15602199999999994 0.090625
0 0.5333029999999999 0.418125 0.13412400000000002 0.0525
0 0.188412 0.6378129999999999 0.19069300000000003 0.04437499999999993
0 0.359489 0.22375 0.124088 0.04375
0 0.161496 0.409375 0.12043799999999999 0.09125
0 0.535584 0.62625 0.09306600000000005 0.0275
0 0.62135 0.09906199999999998 0.124088 0.028125
0 0.36313900000000005 0.089688 0.11313900000000003 0.028125
0 0.811131 0.911563 0.10401500000000002 0.038125
0 0.44115 0.6478129999999999 0.048357999999999984 0.013125