0 0.7897259999999999 0.598191 0.10273999999999993 0.03876
0 0.8534250000000001 0.792851 0.11232900000000004 0.07321300000000004
0 0.3458899999999999 0.12704599999999996 0.13013699999999997 0.06287700000000002
0 0.531507 0.822136 0.16438399999999997 0.07838099999999995
0 0.107534 0.6322139999999999 0.11095899999999999 0.04995699999999993
0 0.860274 0.537898 0.10684899999999986 0.045649999999999975
0 0.132877 0.86994 0.13424699999999998 0.14987099999999998
0 0.081507 0.167528 0.07808199999999998 0.037036999999999994
0 0.263014 0.786822 0.071233 0.028424000000000012
0 0.6383559999999999 0.761413 0.04657499999999993 0.010335999999999988
0 0.334247 0.27304 0.08767099999999997 0.017226999999999985
0 0.446575 0.620155 0.08219200000000007 0.017227000000000083
0 0.47328799999999993 0.30534 0.07260299999999996 0.014643000000000038
0 0.757534 0.096469 0.016437999999999967 0.020672