0 0.241096 0.281919 0.128767 0.11653799999999995
0 0.628767 0.36332500000000006 0.10411000000000005 0.08054799999999998
0 0.9061639999999999 0.27892000000000006 0.09178099999999986 0.10882600000000003
0 0.127397 0.315767 0.071233 0.06769499999999996
0 0.170548 0.670523 0.113699 0.047128999999999914
0 0.6 0.09554400000000002 0.13972600000000007 0.05227099999999999
0 0.806164 0.29563000000000006 0.086301 0.107969
0 0.8458900000000001 0.8727509999999999 0.15479500000000004 0.057411999999999935
0 0.7438359999999999 0.559554 0.09863000000000004 0.04455899999999992
0 0.882877 0.529135 0.05342500000000007 0.03341899999999996
0 0.418493 0.791774 0.06986300000000004 0.02742100000000002
0 0.34726 0.6752360000000001 0.07534200000000005 0.029135000000000088
0 0.914384 0.098115 0.07808199999999986 0.011140000000000006
0 0.185616 0.5171380000000001 0.1 0.009426000000000082
0 0.572603 0.837618 0.128767 0.05227099999999993
0 0.882877 0.6898029999999999 0.03972600000000007 0.015424000000000026