0 0.40359000000000006 0.10714299999999999 0.13435900000000006 0.058570999999999984
0 0.860513 0.142857 0.14769200000000007 0.122857
0 0.712821 0.103929 0.09640999999999995 0.07071399999999999
0 0.385128 0.46321400000000007 0.19589700000000004 0.14071400000000006
0 0.47794900000000007 0.718571 0.10461500000000004 0.10285699999999995
0 0.18 0.8128570000000002 0.09948699999999999 0.07857100000000011
0 0.850256 0.7492859999999999 0.17230799999999993 0.17142899999999997
0 0.12974400000000003 0.9089290000000001 0.033845999999999994 0.039285999999999925
0 0.149231 0.2775 0.07897399999999999 0.015
0 0.6123080000000001 0.20571400000000004 0.0779490000000001 0.012857000000000035
0 0.298974 0.5803569999999999 0.031795000000000025 0.012142999999999965
0 0.347692 0.752143 0.038973999999999974 0.008571000000000108
0 0.255897 0.9189289999999999 0.04 0.03214299999999996
0 0.772821 0.8675000000000002 0.06256400000000002 0.03357100000000011