0 0.224534 0.320455 0.11334299999999999 0.08454500000000001
0 0.5774749999999998 0.307727 0.13342899999999996 0.051818000000000045
0 0.574605 0.08681799999999999 0.10760400000000005 0.06636399999999999
0 0.11908200000000001 0.837273 0.17503600000000002 0.0654550000000001
0 0.8307030000000001 0.6363640000000002 0.2094689999999999 0.0654550000000001
0 0.041607 0.074091 0.068867 0.048182
0 0.852941 0.8131820000000001 0.1334290000000001 0.03363600000000009
0 0.88594 0.09363599999999998 0.09038700000000013 0.05636400000000001
0 0.09110500000000002 0.724545 0.167862 0.061818000000000047
0 0.718795 0.329545 0.06886699999999998 0.048181999999999954
0 0.12625500000000003 0.48863600000000007 0.15495000000000003 0.01363600000000009