0 0.277219 0.5474999999999999 0.11161899999999998 0.0475
0 0.363678 0.791562 0.12168299999999997 0.045625
0 0.556267 0.785312 0.139067 0.039375
0 0.806038 0.37156300000000003 0.159195 0.059375
0 0.824794 0.619375 0.10887500000000007 0.05375
0 0.135407 0.550625 0.10796000000000001 0.02625
0 0.437328 0.55 0.08966100000000002 0.02625
0 0.333943 0.3368749999999999 0.07502299999999999 0.01875
0 0.32982599999999995 0.3940620000000001 0.07959699999999996 0.020625
0 0.418115 0.351875 0.051235000000000024 0.0225
0 0.434126 0.844688 0.059468999999999946 0.021875
0 0.795059 0.264375 0.139067 0.0125
0 0.846752 0.7825 0.07776800000000006 0.00875
0 0.7799629999999999 0.549375 0.04117099999999991 0.0125
0 0.510979 0.220312 0.513266 0.118125
0 0.111619 0.762188 0.051234999999999996 0.019375