0 0.8531389999999999 0.6542860000000001 0.11210800000000007 0.07285700000000003
0 0.429933 0.626429 0.12219700000000001 0.045714000000000074
0 0.43497800000000003 0.7357139999999999 0.10986500000000005 0.045714000000000074
0 0.170964 0.155714 0.09977599999999998 0.06857100000000001
0 0.852018 0.8496430000000001 0.11659200000000007 0.05071400000000007
0 0.2937219999999999 0.819286 0.091928 0.08285700000000004
0 0.44058299999999995 0.8607140000000001 0.12331799999999996 0.04857100000000011
0 0.19394600000000004 0.7310710000000001 0.08071699999999996 0.04214300000000005
0 0.770179 0.9271430000000002 0.09192800000000012 0.05571400000000007
0 0.049888 0.699286 0.07062799999999998 0.03285700000000004
0 0.7802689999999999 0.15142899999999998 0.07174899999999995 0.028570999999999985