0 0.4985800000000001 0.630909 0.11647700000000004 0.06909099999999997
0 0.50142 0.742273 0.13636400000000004 0.060909000000000026
0 0.9140620000000002 0.866818 0.13494300000000015 0.08818199999999995
0 0.0625 0.21545499999999998 0.11079500000000002 0.10363599999999999
0 0.3494320000000001 0.6363640000000002 0.11363600000000003 0.09272700000000007
0 0.117898 0.634545 0.09659100000000001 0.08363600000000009
0 0.253551 0.874091 0.10085200000000004 0.0954550000000001
0 0.194602 0.140909 0.173295 0.11454500000000001
0 0.50142 0.873182 0.11363599999999995 0.10272700000000007
0 0.11221600000000001 0.9036360000000001 0.11363600000000003 0.0800000000000001
0 0.8125 0.143182 0.16477299999999995 0.14090900000000003
0 0.072443 0.414545 0.130682 0.12545500000000004
0 0.932528 0.6340909999999998 0.10085200000000004 0.08454499999999991
0 0.8650570000000001 0.43681799999999993 0.14772700000000005 0.16454499999999997
0 0.404119 0.397727 0.12357999999999998 0.03909099999999998