0 0.729638 0.291538 0.11991000000000003 0.08153800000000003
0 0.552602 0.453077 0.10746599999999996 0.07846200000000006
0 0.7692309999999999 0.6523079999999999 0.15384599999999987 0.09692300000000002
0 0.7166290000000001 0.432308 0.08936700000000006 0.08461499999999997
0 0.35972899999999997 0.7096150000000001 0.14253399999999997 0.12076900000000006
0 0.589367 0.29615400000000003 0.09954800000000005 0.08307699999999998
0 0.335407 0.111923 0.11651599999999998 0.09153799999999998
0 0.13574700000000003 0.910769 0.054299000000000014 0.035385000000000076
0 0.883484 0.615 0.03619899999999998 0.013076999999999981
0 0.456448 0.05038499999999999 0.03733000000000003 0.014615000000000003
0 0.313914 0.3107690000000001 0.15271499999999996 0.06307699999999998