0 0.411348 0.686875 0.11879399999999997 0.09875
0 0.35195 0.495312 0.08865200000000001 0.065625
0 0.276596 0.655 0.06914900000000004 0.05125
0 0.14095700000000003 0.855625 0.095745 0.1075
0 0.512411 0.497188 0.109929 0.054375
0 0.316046 0.210625 0.055850999999999956 0.065
0 0.905585 0.13375 0.10372300000000001 0.045
0 0.469415 0.31906300000000004 0.10017699999999996 0.05062500000000004
0 0.60594 0.119688 0.09131199999999993 0.048125
0 0.946809 0.4828120000000001 0.05319100000000002 0.048125
0 0.5793440000000001 0.257188 0.057624000000000085 0.058125
0 0.9202130000000001 0.669063 0.07269500000000009 0.025625
0 0.7677299999999999 0.873437 0.037233999999999906 0.021875
0 0.423316 0.864688 0.06826200000000003 0.026875
0 0.14760600000000001 0.5890629999999999 0.133865 0.011875
0 0.7881210000000001 0.474375 0.04255300000000008 0.00875