0 0.51094 0.15512800000000002 0.09481399999999995 0.04685099999999999
0 0.3099680000000001 0.148881 0.08671 0.06454999999999998
0 0.777147 0.155128 0.08590000000000006 0.07079599999999998
0 0.414506 0.364394 0.08346800000000003 0.04685099999999999
0 0.880065 0.19364899999999996 0.05672599999999987 0.04997399999999999
0 0.14627200000000004 0.7928159999999999 0.136953 0.07808400000000013
0 0.8573740000000001 0.576002 0.05510499999999996 0.03696000000000003
0 0.128849 0.358407 0.050243 0.023424999999999987
0 0.549838 0.5970850000000001 0.026742000000000023 0.022904999999999988
0 0.555105 0.355284 0.048622000000000005 0.027589999999999962
0 0.449757 0.6616349999999999 0.05024299999999991 0.009369999999999948
0 0.663695 0.3539820000000001 0.056726000000000054 0.008329000000000048
0 0.190438 0.073139 0.22852499999999998 0.020301999999999997
0 0.132091 0.169183 0.05348500000000001 0.009370000000000007
0 0.341167 0.436231 0.03241499999999996 0.02915099999999998
0 0.828201 0.385737 0.04375999999999996 0.018740000000000014
0 0.844814 0.761062 0.041328999999999935 0.019780999999999913