0 0.5137250000000001 0.12208299999999998 0.19085000000000008 0.0625
0 0.678431 0.54125 0.15686300000000003 0.08583300000000009
0 0.462092 0.45208300000000007 0.13725500000000004 0.14083300000000004
0 0.883007 0.452917 0.10849700000000007 0.06416699999999996
0 0.845752 0.264583 0.12287600000000014 0.04916700000000001
0 0.229412 0.82375 0.3098040000000001 0.1375
0 0.8973860000000001 0.16625000000000004 0.0980390000000001 0.069167
0 0.324183 0.415417 0.096732 0.05583299999999999
0 0.705229 0.1325 0.08758199999999991 0.046667000000000014
0 0.319608 0.2125 0.08496700000000003 0.06666700000000002
0 0.648366 0.394167 0.15686299999999995 0.025
0 0.49607799999999996 0.600417 0.15816999999999998 0.025833000000000085
0 0.171895 0.525 0.11895399999999998 0.04
0 0.233987 0.347083 0.15686300000000003 0.025832999999999988
0 0.505229 0.9575 0.045751999999999966 0.013333000000000084