0 0.11858400000000001 0.78 0.092035 0.0725
0 0.521681 0.870625 0.08761100000000005 0.07375
0 0.84292 0.834688 0.07876099999999996 0.056875
0 0.630531 0.139687 0.1176990000000001 0.096875
0 0.074779 0.895938 0.06460200000000002 0.100625
0 0.519469 0.179375 0.07787600000000007 0.09
0 0.90354 0.56625 0.09557499999999995 0.065
0 0.89646 0.7778129999999999 0.06725699999999998 0.053125
0 0.925664 0.969688 0.12743399999999996 0.053125
0 0.876991 0.37 0.08672600000000005 0.02875
0 0.632743 0.915 0.058407 0.0175
0 0.514602 0.681562 0.066372 0.014375
0 0.5115039999999998 0.4593749999999999 0.07256599999999994 0.01875
0 0.915044 0.325625 0.06902699999999996 0.0175
0 0.686283 0.045 0.40973499999999996 0.0175
0 0.8756640000000001 0.626875 0.07345099999999992 0.0425