0 0.35579200000000005 0.3525 0.10401900000000004 0.06833299999999999
0 0.687352 0.369167 0.10283699999999997 0.05166700000000001
0 0.443262 0.5404170000000001 0.07092199999999996 0.08083300000000009
0 0.813239 0.117917 0.06855800000000006 0.11083300000000004
0 0.34160799999999997 0.529583 0.054374000000000006 0.030833000000000083
0 0.5041370000000001 0.1275 0.07210400000000004 0.05666700000000001
0 0.473404 0.866667 0.06264800000000005 0.026666999999999916
0 0.055556 0.35083300000000006 0.066194 0.03833299999999999
0 0.86052 0.845 0.030732999999999917 0.023333000000000083
0 0.43144199999999994 0.9270829999999999 0.026004999999999986 0.020833000000000084
0 0.233452 0.837083 0.05319100000000002 0.024166999999999918
0 0.187943 0.14041699999999996 0.059102 0.0275
0 0.32978700000000005 0.175417 0.056738000000000004 0.0175
0 0.828014 0.9175 0.02009499999999997 0.023333000000000083
0 0.517139 0.82 0.036643000000000064 0.008333000000000083
0 0.571513 0.554167 0.046099000000000064 0.025
0 0.178487 0.8204170000000001 0.04018899999999998 0.0225
0 0.238771 0.068333 0.033097000000000015 0.01