0 0.8926170000000001 0.878636 0.10469799999999997 0.051818000000000045
0 0.618792 0.29681799999999997 0.11006699999999998 0.035454999999999987
0 0.849664 0.6472729999999999 0.17718100000000006 0.049090999999999975
0 0.89396 0.07636399999999999 0.13154399999999997 0.036364000000000014
0 0.190604 0.671364 0.06443000000000002 0.024544999999999907
0 0.17114099999999996 0.8649999999999999 0.10067099999999997 0.02636399999999991
0 0.149664 0.27954499999999993 0.20536899999999994 0.022726999999999966
0 0.942953 0.29 0.06845600000000003 0.021818000000000046
0 0.45637599999999995 0.30136399999999997 0.07248299999999995 0.022726999999999966
0 0.11208100000000001 0.086818 0.11946300000000001 0.02272699999999999
0 0.566443 0.789545 0.09932899999999995 0.01