0 0.706695 0.406057 0.12635999999999994 0.09147100000000002
0 0.26569 0.407911 0.14309600000000003 0.09270699999999997
0 0.707531 0.18634099999999998 0.081172 0.04635399999999999
0 0.293724 0.6183560000000001 0.13891199999999995 0.09456100000000005
0 0.427197 0.37021 0.07280300000000002 0.03461100000000005
0 0.407113 0.830655 0.11464399999999998 0.13844300000000007
0 0.28954 0.20364599999999997 0.13054400000000002 0.14276899999999998
0 0.711297 0.594561 0.09037699999999996 0.039555000000000014
0 0.7259410000000001 0.8189119999999999 0.09623400000000001 0.10630399999999991
0 0.25523 0.841471 0.13054400000000002 0.10445000000000013
0 0.48535599999999995 0.665946 0.08033499999999998 0.04017299999999999
0 0.5966530000000001 0.558405 0.095397 0.029047999999999963
0 0.49832599999999994 0.973424 0.533054 0.012360999999999988
0 0.4979080000000001 0.044499 0.51046 0.017305000000000004
0 0.496234 0.9317059999999999 0.117155 0.009270999999999956
0 0.841423 0.131953 0.13305400000000003 0.036464999999999984
0 0.70251 0.6810879999999999 0.08451900000000004 0.045734999999999935
0 0.33054399999999995 0.498455 0.158996 0.020395999999999987
0 0.652301 0.905748 0.1112969999999999 0.06489499999999997
0 0.30418400000000007 0.769159 0.07280300000000002 0.04017299999999999