0 0.839429 0.119063 0.07671700000000004 0.066875
0 0.5758250000000001 0.5859380000000001 0.081178 0.080625
0 0.572703 0.13281199999999999 0.09991099999999999 0.08812499999999998
0 0.85504 0.582187 0.08831400000000002 0.078125
0 0.120428 0.8175 0.08742200000000001 0.06875
0 0.5628900000000001 0.356563 0.07314900000000003 0.070625
0 0.8483500000000002 0.32906199999999997 0.04995500000000009 0.021875
0 0.82917 0.041562999999999996 0.191793 0.010625
0 0.18019599999999997 0.043437 0.210526 0.018125
0 0.64496 0.300625 0.07850099999999995 0.0325
0 0.85727 0.4159379999999999 0.07850099999999995 0.039375
0 0.853702 0.77875 0.12488799999999993 0.0575