0 0.843621 0.574545 0.10973899999999984 0.06727299999999993
0 0.307956 0.105455 0.11934200000000003 0.10181799999999999
0 0.240741 0.277273 0.091907 0.049090999999999975
0 0.143347 0.5818180000000001 0.14128900000000003 0.08181800000000004
0 0.111111 0.106818 0.115226 0.08818200000000001
0 0.091907 0.279091 0.068587 0.061818000000000047
0 0.837449 0.075455 0.1385459999999999 0.049091
0 0.585048 0.274091 0.10013699999999998 0.035454999999999987
0 0.22839499999999996 0.7504550000000001 0.07818899999999998 0.03181800000000005
0 0.37105600000000005 0.270909 0.05075400000000003 0.021818000000000046
0 0.915638 0.259545 0.056240999999999985 0.01