0 0.474138 0.610455 0.10919500000000004 0.06818199999999995
0 0.0625 0.20863600000000002 0.11637899999999997 0.06272700000000002
0 0.8649429999999999 0.6159090000000002 0.14080499999999996 0.11181800000000004
0 0.3125 0.793182 0.12212599999999996 0.07181800000000005
0 0.374282 0.39454500000000003 0.09051699999999996 0.09818199999999995
0 0.532328 0.128636 0.11350600000000001 0.039091000000000015
0 0.354885 0.208182 0.11206899999999999 0.14
0 0.466954 0.828636 0.07183900000000004 0.05363600000000009
0 0.874282 0.111364 0.09051699999999996 0.039091
0 0.5854889999999999 0.8849999999999999 0.07040199999999994 0.024544999999999907
0 0.8613510000000001 0.868182 0.06465500000000012 0.018181999999999955