0 0.119286 0.525909 0.14142899999999997 0.10090900000000003
0 0.41785700000000003 0.921818 0.13 0.06
0 0.8792860000000001 0.465455 0.12428599999999992 0.10727299999999998
0 0.352857 0.292727 0.13714299999999996 0.12363599999999998
0 0.25 0.7045449999999999 0.14 0.11818199999999995
0 0.395714 0.8027269999999999 0.11428599999999997 0.0763639999999999
0 0.748571 0.557273 0.14571400000000007 0.08909099999999998
0 0.247143 0.469091 0.13714299999999996 0.09818199999999995
0 0.08785699999999999 0.7009089999999999 0.11 0.0763639999999999
0 0.892857 0.696364 0.12 0.09636399999999991
0 0.8464289999999999 0.801364 0.09 0.07727299999999993
0 0.07357100000000001 0.302727 0.13857099999999997 0.14181799999999997
0 0.08857099999999998 0.164091 0.11428600000000001 0.108182
0 0.7857139999999999 0.081818 0.08 0.041817999999999994
0 0.5 0.139545 0.08285700000000004 0.051817999999999996
0 0.8957139999999999 0.921364 0.0914289999999999 0.035454999999999987