0 0.12141882673942701 0.6554545454545454 0.11186903137789904 0.04727272727272727
0 0.1364256480218281 0.3 0.12278308321964529 0.04727272727272727
0 0.45817189631650745 0.2998636363636364 0.09416098226466574 0.08636363636363636
0 0.819918144611187 0.49227272727272725 0.1364256480218281 0.07
0 0.16780354706684858 0.48818181818181816 0.12278308321964529 0.07090909090909091
0 0.5613915416098226 0.6595454545454545 0.12414733969986358 0.046363636363636364
0 0.16575716234652116 0.8404545454545455 0.12141882673942701 0.046363636363636364
0 0.5957708049113233 0.12482727272727273 0.10792633015006824 0.1036909090909091
0 0.42701227830832195 0.6518181818181819 0.07094133697135062 0.07090909090909091
0 0.8867667121418826 0.11681818181818182 0.11186903137789904 0.04090909090909091
0 0.2641746248294679 0.2800181818181818 0.07529331514324693 0.050872727272727306
0 0.8717598908594816 0.6536363636363637 0.06002728512960437 0.05818181818181818
0 0.4347339699863575 0.8295454545454546 0.08005457025920866 0.035454545454545454
0 0.869031377899045 0.8345454545454546 0.06548431105047749 0.034545454545454546
0 0.13915416098226466 0.11681818181818182 0.06002728512960437 0.046363636363636364
0 0.4406548431105048 0.10636363636363637 0.10641200545702592 0.05090909090909091