0 0.8448739999999999 0.8143749999999998 0.09802199999999997 0.0675
0 0.244604 0.356563 0.061151 0.068125
0 0.427608 0.602187 0.065647 0.041875
0 0.42940600000000007 0.815312 0.06564700000000004 0.033125
0 0.556205 0.15156200000000003 0.051258999999999985 0.024375
0 0.7153780000000001 0.345 0.07643900000000002 0.0325
0 0.12904700000000002 0.8 0.063849 0.04125
0 0.43570100000000006 0.1425 0.051259000000000034 0.035
0 0.133993 0.568438 0.057553999999999994 0.015625
0 0.829586 0.057187999999999996 0.14478400000000002 0.014375
0 0.111511 0.061875 0.055755 0.01
0 0.378147 0.4290630000000001 0.058452999999999984 0.018125