0 0.20799999999999996 0.3354519999999999 0.086 0.06638399999999997
0 0.8199999999999998 0.34745800000000004 0.106 0.086158
0 0.87 0.502472 0.084 0.07273999999999996
0 0.39200000000000007 0.325918 0.086 0.069915
0 0.635 0.5575559999999999 0.094 0.06144099999999999
0 0.248 0.140184 0.106 0.09533899999999998
0 0.8129999999999998 0.166667 0.044 0.052259999999999994
0 0.7915 0.545551 0.077 0.04872900000000001
0 0.8925 0.11970299999999998 0.071 0.05296600000000001
0 0.1375 0.159958 0.073 0.038841999999999995
0 0.847 0.42655400000000004 0.226 0.01836200000000007
0 0.886 0.304379 0.034 0.011298999999999974