0 0.298983 0.803385 0.08779999999999999 0.041667000000000044
0 0.854898 0.802409 0.07208899999999993 0.07877600000000011
0 0.730129 0.793945 0.09242100000000006 0.03320300000000002
0 0.203789 0.557292 0.091497 0.033853999999999974
0 0.442237 0.801432 0.126617 0.03385400000000013
0 0.200555 0.760742 0.06099800000000002 0.03320300000000002
0 0.178835 0.36002599999999996 0.08595200000000001 0.020832999999999952
0 0.809612 0.251953 0.1460259999999999 0.049478999999999974
0 0.573937 0.587891 0.020332999999999917 0.022135000000000016
0 0.571165 0.174805 0.67098 0.13085899999999998
0 0.401571 0.5533850000000001 0.06746799999999996 0.010417000000000046
0 0.3932530000000001 0.36490899999999993 0.06007400000000005 0.009765999999999941
0 0.6280040000000001 0.753581 0.07116500000000002 0.03320300000000002