0 0.8784972022382095 0.7036111111111111 0.08792965627498002 0.05277777777777778
0 0.6954436450839329 0.6769444444444445 0.0639488409272582 0.04611111111111111
0 0.1950439648281375 0.41833333333333333 0.07673860911270983 0.043333333333333335
0 0.6282973621103117 0.5683333333333334 0.0671462829736211 0.07222222222222222
0 0.6358912869704236 0.4597222222222222 0.07274180655475619 0.04388888888888889
0 0.8752997601918465 0.4033333333333333 0.0671462829736211 0.034444444444444444
0 0.13229416466826538 0.44916666666666666 0.04716227018385292 0.035
0 0.3193445243804956 0.6788888888888889 0.08553157474020784 0.028888888888888888
0 0.5217026378896882 0.7816166666666667 0.03495603517186253 0.023527777777777727
0 0.5083932853717026 0.4097222222222222 0.07993605115907274 0.02388888888888889
0 0.16346922462030375 0.7558333333333334 0.05995203836930456 0.025
0 0.13029576338928858 0.9058333333333334 0.05275779376498801 0.025
0 0.5155875299760192 0.5380555555555555 0.05915267785771383 0.01611111111111111
0 0.24580335731414868 0.9533333333333334 0.11430855315747403 0.006666666666666667
0 0.7250199840127898 0.36027777777777775 0.07354116706634692 0.006111111111111111
0 0.27688249400479614 0.7596611111111111 0.1222781774580336 0.0675