0 0.742839 0.41284399999999993 0.23828100000000005 0.05337800000000001
0 0.125 0.7030860000000001 0.117188 0.07673100000000005
0 0.578776 0.130942 0.14973999999999998 0.05838200000000001
0 0.24348999999999998 0.629274 0.12760399999999997 0.05254400000000003
0 0.561849 0.621351 0.12369800000000009 0.050042
0 0.4016930000000001 0.6538780000000001 0.06380200000000007 0.03336100000000006
0 0.8398440000000001 0.568807 0.09635400000000012 0.030024999999999958
0 0.735026 0.110092 0.08984399999999997 0.021685
0 0.23437500000000003 0.9036699999999999 0.06770800000000003 0.01584699999999988
0 0.688802 0.16555499999999998 0.04427099999999995 0.02418699999999998
0 0.4075520000000001 0.126772 0.16406200000000004 0.10008300000000002
0 0.150391 0.20808999999999994 0.134115 0.08590499999999997
0 0.297526 0.187239 0.08203100000000003 0.09090900000000002