0 0.333259 0.259844 0.21229799999999996 0.07718800000000002
0 0.47598700000000005 0.42375 0.136894 0.07625
0 0.807451 0.805312 0.15350099999999994 0.078125
0 0.840889 0.08031199999999998 0.24102299999999993 0.111875
0 0.632406 0.543281 0.09784600000000002 0.055938000000000015
0 0.381732 0.066094 0.16741499999999995 0.099062
0 0.864228 0.233125 0.18447000000000002 0.093125
0 0.346499 0.635625 0.21184899999999998 0.06312500000000007
0 0.337522 0.801875 0.08886900000000006 0.0575
0 0.8678190000000001 0.52625 0.21050300000000005 0.064375
0 0.443671 0.7957810000000001 0.06149000000000001 0.05343700000000012
0 0.4600540000000001 0.5992189999999998 0.12298000000000002 0.03593699999999998
0 0.455117 0.220469 0.064632 0.040938000000000016
0 0.9039500000000001 0.417031 0.11131100000000009 0.020313000000000015