0 0.036593 0.675 0.04274 0.06285700000000004
0 0.24677999999999997 0.506071 0.05913299999999997 0.05928599999999993
0 0.08869999999999999 0.8475 0.047423999999999994 0.055
0 0.64315 0.5707140000000002 0.046253000000000086 0.031429000000000054
0 0.03132299999999999 0.8396430000000001 0.045082 0.035
0 0.6826699999999999 0.349643 0.039812999999999904 0.023571000000000026
0 0.179157 0.5417859999999999 0.05035099999999999 0.10928599999999992
0 0.18267 0.300714 0.055034999999999994 0.018571000000000025
0 0.6560299999999999 0.8117859999999999 0.19496499999999994 0.23642899999999997
0 0.63466 0.368214 0.025761000000000048 0.00928599999999997
0 0.23185 0.272857 0.025760999999999982 0.012857000000000035
0 0.23185 0.272857 0.025760999999999982 0.012857000000000035
0 0.7242389999999999 0.347857 0.024589999999999883 0.012857000000000035