0 0.350993 0.16346199999999997 0.12362000000000002 0.10999999999999997
0 0.48509899999999995 0.10269199999999999 0.120309 0.10692300000000002
0 0.156733 0.9026919999999999 0.145695 0.12692299999999984
0 0.7753859999999999 0.087692 0.1269319999999999 0.07692300000000002
0 0.653422 0.31 0.1324500000000001 0.08769199999999999
0 0.788631 0.648846 0.10044199999999999 0.06538500000000008
0 0.300773 0.8799999999999998 0.10706400000000005 0.08461499999999993
0 0.171082 0.668462 0.12803499999999998 0.12307699999999998
0 0.851545 0.9553849999999999 0.06732900000000004 0.050768999999999884
0 0.6065119999999999 0.918077 0.11368700000000001 0.031538000000000115
0 0.869205 0.06076899999999999 0.038631000000000124 0.03230800000000001
0 0.8681019999999999 0.8553850000000001 0.179912 0.08153800000000011