0 0.883903 0.134091 0.13817700000000005 0.09545499999999998
0 0.501425 0.24409099999999997 0.14814800000000006 0.10090900000000003
0 0.466524 0.40272700000000006 0.15242199999999992 0.10727300000000003
0 0.8881770000000001 0.406364 0.118234 0.07454500000000001
0 0.356125 0.47 0.08831900000000002 0.049090999999999975
0 0.695157 0.434545 0.09686599999999992 0.07454499999999996
0 0.07264999999999999 0.11363599999999999 0.111111 0.038181999999999994
0 0.368946 0.198636 0.07122500000000002 0.051817999999999996
0 0.603276 0.46681800000000007 0.06695200000000004 0.03
0 0.141026 0.06181799999999999 0.16809100000000002 0.018182000000000007
0 0.458689 0.11409099999999998 0.05697999999999998 0.020908999999999997
0 0.3746439999999999 0.104091 0.051281999999999966 0.011817999999999993
0 0.7962960000000001 0.37500000000000006 0.042735000000000106 0.017273000000000035