0 0.135523 0.900808 0.139668 0.08040399999999992
0 0.746173 0.28909099999999993 0.125 0.06100999999999998
0 0.9113519999999999 0.335354 0.12627599999999992 0.09212100000000004
0 0.7774229999999999 0.694141 0.18494899999999995 0.10100999999999997
0 0.213329 0.6393940000000001 0.10650499999999999 0.04727300000000009
0 0.393814 0.29111100000000006 0.14987199999999998 0.10383799999999996
0 0.391263 0.6628280000000001 0.13584200000000002 0.06424200000000006
0 0.5758929999999999 0.26202 0.11096899999999997 0.03919199999999998
0 0.578763 0.838182 0.13584200000000002 0.14100999999999997
0 0.151467 0.34828299999999995 0.17028099999999996 0.14787899999999998
0 0.120536 0.092929 0.12244900000000002 0.101818
0 0.287309 0.07050499999999998 0.13201500000000002 0.032727