0 0.481111 0.458929 0.17333299999999996 0.07928599999999993
0 0.083889 0.19 0.12333300000000003 0.048571000000000024
0 0.636111 0.220714 0.08111100000000003 0.07571399999999999
0 0.262778 0.681429 0.09888899999999998 0.04714299999999996
0 0.635 0.679643 0.09222200000000005 0.05071400000000007
0 0.11611099999999999 0.522857 0.14333300000000002 0.06428599999999993
0 0.578889 0.8217859999999999 0.08666699999999998 0.08785700000000003
0 0.183333 0.125357 0.10666699999999998 0.062143000000000004
0 0.072778 0.29 0.08777799999999998 0.04428600000000001
0 0.312222 0.122143 0.09333299999999999 0.032857
0 0.49277800000000005 0.125714 0.09666700000000004 0.037143
0 0.8649999999999999 0.694643 0.09666699999999992 0.037857000000000036
0 0.731667 0.115357 0.08333300000000009 0.03642900000000002
0 0.072222 0.697857 0.091111 0.03714299999999996
0 0.875 0.140357 0.08555599999999988 0.04214300000000001
0 0.47888899999999995 0.655357 0.03333299999999996 0.037857000000000036