0 0.422212 0.375312 0.08902900000000005 0.038125
0 0.414568 0.795312 0.07014400000000001 0.033125
0 0.127248 0.795625 0.065647 0.04125
0 0.8597119999999999 0.58125 0.07374100000000001 0.03125
0 0.860162 0.367188 0.08363300000000003 0.035625
0 0.156475 0.150625 0.039568000000000006 0.023749999999999983
0 0.8538669999999999 0.814063 0.07284199999999992 0.028125
0 0.5602519999999999 0.818125 0.06294999999999991 0.02625
0 0.6128599999999998 0.361563 0.07284199999999992 0.028125
0 0.618705 0.579063 0.06654700000000001 0.019375
0 0.143885 0.395 0.05935300000000001 0.01125
0 0.6501800000000001 0.1825 0.05215800000000008 0.0075
0 0.14118700000000003 0.066562 0.12589899999999998 0.016875
0 0.43795 0.11125 0.014388000000000008 0.015
0 0.784622 0.059687000000000004 0.23291399999999998 0.013125
0 0.8309349999999999 0.14187500000000003 0.03417299999999997 0.00875