0 0.732429 0.330097 0.19975300000000001 0.09870600000000003
0 0.7410599999999999 0.121764 0.17262600000000014 0.062298000000000006
0 0.557337 0.5590610000000001 0.12823700000000005 0.038835000000000064
0 0.704686 0.8086570000000001 0.23551200000000005 0.05258900000000009
0 0.7755860000000001 0.6836569999999998 0.07398300000000003 0.03074399999999993
0 0.374229 0.555016 0.07521600000000002 0.02912599999999999
0 0.20345299999999997 0.6747569999999999 0.05918599999999999 0.019416999999999913
0 0.23921099999999998 0.8090609999999999 0.138101 0.05339800000000006
0 0.7940810000000001 0.543285 0.0715170000000001 0.01860799999999994
0 0.252774 0.161408 0.11590600000000002 0.010518
0 0.348335 0.311893 0.09987699999999997 0.033171999999999986
0 0.448212 0.6727349999999999 0.055486999999999995 0.013753999999999931
0 0.484587 0.739078 0.09864399999999995 0.010518000000000045
0 0.959309 0.19983799999999996 0.04192399999999999 0.28478999999999993