0 0.550476 0.6149999999999999 0.0990479999999999 0.07533299999999993
0 0.142857 0.305 0.09904800000000001 0.078
0 0.36285699999999993 0.7409999999999999 0.07809499999999996 0.04733299999999993
0 0.860476 0.43666699999999997 0.08476199999999998 0.07733299999999993
0 0.322857 0.8256669999999999 0.07809499999999996 0.051332999999999934
0 0.44571399999999994 0.4286670000000001 0.08952399999999995 0.084
0 0.19190499999999996 0.10933300000000001 0.069524 0.037333000000000005
0 0.143333 0.6319999999999999 0.1 0.03733299999999993
0 0.6433329999999999 0.139 0.06 0.078
0 0.860952 0.7393329999999999 0.05523800000000002 0.028
0 0.868095 0.134667 0.044761999999999975 0.028
0 0.470952 0.901 0.07523800000000003 0.0073329999999999325
0 0.195714 0.724 0.048570999999999996 0.008