0 0.4375 0.12376599999999999 0.131 0.06276399999999999
0 0.485 0.679831 0.082 0.05782799999999998
0 0.1675 0.287024 0.121 0.05782799999999998
0 0.3435000000000001 0.8688290000000001 0.095 0.03808200000000015
0 0.806 0.165021 0.102 0.04231300000000002
0 0.2425 0.527504 0.08100000000000003 0.04513399999999998
0 0.8555 0.4950629999999999 0.085 0.03384999999999996
0 0.772 0.8462619999999998 0.066 0.03384999999999996
0 0.5175 0.26622 0.071 0.03314499999999997
0 0.775 0.529972 0.064 0.02186200000000008
0 0.146 0.10648799999999999 0.032 0.03243999999999998
0 0.6045000000000001 0.758463 0.033 0.03314499999999989
0 0.6205000000000002 0.6632579999999999 0.041 0.027503999999999924
0 0.8565000000000002 0.68653 0.041 0.020451000000000056
0 0.601 0.931946 0.032 0.009167999999999921
0 0.531 0.10437200000000002 0.042 0.00846300000000001
0 0.13 0.661495 0.034 0.011282999999999974
0 0.3075 0.468618 0.043 0.009167999999999921