0 0.283854 0.721018 0.179688 0.08924099999999999
0 0.136068 0.582152 0.10026000000000002 0.08340300000000006
0 0.849609 0.5679730000000001 0.16275999999999988 0.06839000000000006
0 0.284505 0.565471 0.08723999999999998 0.03836499999999991
0 0.510417 0.74854 0.19010399999999997 0.04086699999999994
0 0.817057 0.724771 0.13150999999999988 0.03836499999999991
0 0.523438 0.447039 0.10677100000000002 0.02668900000000005
0 0.19726599999999997 0.9236860000000001 0.11588500000000002 0.022519000000000074
0 0.06901 0.8711430000000001 0.09375 0.04420399999999998
0 0.11067700000000001 0.732694 0.04166700000000001 0.01751500000000002
0 0.22786499999999998 0.42452 0.26041700000000007 0.046706000000000004
0 0.6438799999999999 0.9374480000000001 0.07682300000000002 0.01668100000000014
0 0.5507809999999999 0.695163 0.10156200000000008 0.039198999999999984
0 0.633464 0.16055 0.13150999999999993 0.04753999999999998
0 0.49674500000000005 0.8436200000000001 0.10807300000000009 0.03419500000000003