0 0.493868 0.14679900000000004 0.17334400000000003 0.07912500000000001
0 0.44235500000000005 0.754555 0.13573200000000002 0.09630400000000001
0 0.8618150000000001 0.5879750000000001 0.13082600000000005 0.0650700000000001
0 0.662715 0.779802 0.14472600000000002 0.08329
0 0.243663 0.7402389999999999 0.12919099999999997 0.07183800000000001
0 0.726901 0.188444 0.10956699999999993 0.06454999999999998
0 0.30662300000000003 0.137168 0.11610800000000002 0.06506999999999999
0 0.18601799999999996 0.5882350000000001 0.15617300000000003 0.06455000000000011
0 0.876533 0.16632 0.08994300000000005 0.07131699999999999
0 0.8834829999999999 0.7712129999999999 0.09730199999999993 0.08381100000000002
0 0.663941 0.5642889999999999 0.15045000000000003 0.04372699999999992
0 0.4550290000000001 0.562988 0.064595 0.046329999999999975
0 0.154947 0.39849 0.11529000000000003 0.03383699999999997
0 0.798855 0.810776 0.04251800000000008 0.008849999999999948
0 0.10752200000000002 0.7657469999999998 0.041700999999999995 0.009369999999999948