0 0.919708 0.651667 0.11435500000000003 0.061666999999999916
0 0.667883 0.8666670000000001 0.141119 0.061666999999999916
0 0.075426 0.05333299999999999 0.148418 0.098333
0 0.89781 0.235833 0.11922099999999994 0.04
0 0.4391729999999999 0.448333 0.09245699999999996 0.028333000000000084
0 0.40146000000000004 0.887917 0.22871000000000002 0.05416699999999992
0 0.917275 0.07875 0.01216500000000003 0.06083299999999999
0 0.631995 0.067917 0.14233599999999996 0.0125
0 0.171533 0.7879169999999999 0.20681300000000002 0.2375
0 0.940389 0.39124999999999993 0.04379599999999987 0.00916700000000001
0 0.518856 0.39625 0.057178 0.01583299999999999