0 0.17804599999999998 0.144545 0.12583700000000003 0.078182
0 0.8400269999999999 0.5027269999999999 0.19946500000000017 0.08727299999999999
0 0.31592999999999993 0.132727 0.15260999999999997 0.145455
0 0.341365 0.7536359999999999 0.10173999999999998 0.0763639999999999
0 0.672691 0.140455 0.151272 0.13909099999999996
0 0.17938400000000002 0.29181799999999997 0.077644 0.049090999999999975
0 0.742972 0.890909 0.04551499999999993 0.07818199999999996
0 0.075636 0.6922729999999999 0.12182100000000001 0.01727299999999993
0 0.9230249999999999 0.103636 0.07094999999999997 0.029091000000000002
0 0.301874 0.638636 0.07362799999999999 0.02090900000000002
0 0.083668 0.554091 0.108434 0.04090900000000002
0 0.138554 0.619545 0.127175 0.03363600000000009
0 0.333333 0.41999999999999993 0.14725600000000003 0.018181999999999955