0 0.5871430000000001 0.740667 0.1038100000000001 0.06
0 0.333333 0.467 0.091429 0.08466700000000006
0 0.441429 0.621 0.07714299999999996 0.06066700000000007
0 0.130476 0.618667 0.07238099999999999 0.05733299999999993
0 0.701429 0.8926669999999999 0.06952399999999995 0.048
0 0.31571399999999994 0.727 0.06952399999999995 0.038
0 0.41333299999999995 0.8933329999999999 0.07238099999999999 0.09733299999999993
0 0.864286 0.461333 0.07714300000000007 0.03733299999999993
0 0.861905 0.732667 0.0723810000000001 0.028
0 0.8466670000000001 0.125667 0.1009520000000001 0.027333000000000007
0 0.123333 0.9126670000000001 0.061904999999999995 0.028
0 0.7090479999999999 0.585333 0.05428599999999993 0.028
0 0.045714000000000005 0.11066699999999999 0.041905 0.017333000000000008
0 0.140952 0.35033300000000006 0.060951999999999985 0.008667000000000069
0 0.425714 0.513667 0.04571399999999996 0.034
0 0.6076189999999999 0.4749999999999999 0.09333299999999997 0.058
0 0.106667 0.42799999999999994 0.04761900000000001 0.029332999999999932