0 0.306839 0.581706 0.12199600000000003 0.05533900000000003
0 0.386322 0.7968750000000001 0.11275399999999998 0.057292000000000044
0 0.45840999999999993 0.365234 0.11829900000000002 0.078125
0 0.557763 0.577148 0.14140499999999992 0.06835900000000006
0 0.201479 0.152018 0.133087 0.04361999999999999
0 0.20794800000000002 0.355469 0.142329 0.05468799999999996
0 0.753235 0.7910159999999999 0.14232900000000004 0.04296899999999996
0 0.42929799999999996 0.584635 0.06931599999999999 0.078125
0 0.463031 0.161458 0.09242100000000002 0.0625
0 0.666359 0.378581 0.06839200000000008 0.08268199999999999
0 0.5864139999999999 0.35319000000000006 0.0508319999999999 0.04752599999999996
0 0.863216 0.599284 0.0702399999999999 0.10481800000000001
0 0.695009 0.567057 0.05360400000000005 0.04296899999999996
0 0.617375 0.797526 0.0831789999999999 0.09505199999999991
0 0.16450999999999996 0.605143 0.07208899999999999 0.11002599999999996
0 0.8701480000000001 0.183268 0.05637699999999999 0.051432
0 0.836876 0.341471 0.08595200000000006 0.03190099999999999
0 0.795287 0.595378 0.0508319999999999 0.08268199999999999
0 0.160813 0.781901 0.08133099999999999 0.041667000000000044
0 0.278651 0.82194 0.06561900000000004 0.024089000000000027
0 0.347043 0.3736979999999999 0.07301299999999995 0.12369800000000004
0 0.600277 0.22460899999999998 0.045287000000000015 0.053385000000000016
0 0.874307 0.758464 0.06284699999999999 0.027343999999999962
0 0.7365989999999999 0.390951 0.048058999999999956 0.06445300000000002
0 0.23521299999999998 0.666992 0.03974099999999998 0.013671999999999981
0 0.5291130000000002 0.7659509999999999 0.036044000000000076 0.011067999999999856