0 0.166126 0.172 0.18638599999999997 0.106
0 0.8719609999999999 0.6845 0.12317700000000006 0.119
0 0.666937 0.7825 0.09562399999999997 0.089
0 0.111021 0.7395000000000002 0.069692 0.069
0 0.8387360000000001 0.171 0.17990299999999992 0.132
0 0.426256 0.751 0.11345199999999997 0.124
0 0.6150729999999999 0.5699999999999998 0.09886499999999991 0.052
0 0.896272 0.5285 0.0615880000000001 0.063
0 0.09643399999999999 0.6335 0.050242999999999996 0.025
0 0.31280399999999997 0.8885 0.05834699999999996 0.037
0 0.444084 0.533 0.048622000000000005 0.036
0 0.529173 0.8545000000000001 0.014587000000000004 0.075
0 0.517828 0.6605 0.02431099999999991 0.107
0 0.940843 0.9355 0.027553000000000098 0.013