0 0.34390899999999996 0.879172 0.129442 0.10197799999999993
0 0.321066 0.663164 0.09390900000000002 0.08158199999999995
0 0.69797 0.109394 0.09137100000000004 0.053152
0 0.45939099999999994 0.652349 0.08798600000000002 0.058714000000000044
0 0.802453 0.101978 0.09729300000000007 0.09765100000000002
0 0.8929780000000002 0.876082 0.10067700000000003 0.10445000000000013
0 0.663283 0.8881329999999998 0.10659899999999996 0.045734999999999935
0 0.9145519999999999 0.385352 0.06599000000000001 0.052533999999999983
0 0.186125 0.711063 0.08967900000000002 0.04017299999999999
0 0.759729 0.637206 0.06599000000000001 0.035847000000000004
0 0.630288 0.521941 0.07445000000000002 0.03399299999999993
0 0.9132829999999998 0.640297 0.06006799999999997 0.027193999999999958
0 0.916244 0.08312699999999999 0.07106599999999998 0.035228999999999996
0 0.6366329999999999 0.366193 0.07360399999999996 0.03399299999999993
0 0.5368020000000001 0.377936 0.05329900000000009 0.012978999999999966
0 0.8722499999999999 0.978986 0.13028799999999988 0.025957999999999933
0 0.296954 0.090544 0.006767999999999998 0.019158999999999992
0 0.713198 0.025030999999999998 0.225042 0.010507
0 0.8747880000000001 0.18047 0.057530000000000074 0.012360999999999988
0 0.21066 0.644005 0.021996999999999992 0.01112500000000003