0 0.12759599999999996 0.330909 0.123145 0.08
0 0.058605 0.580909 0.04599399999999999 0.06
0 0.22589 0.5554550000000001 0.05860500000000002 0.04727299999999993
0 0.127967 0.5790910000000001 0.04970299999999999 0.04727299999999993
0 0.9298959999999998 0.8863640000000002 0.06305599999999995 0.021818000000000046
0 0.20363500000000004 0.857273 0.04970299999999999 0.03454499999999991
0 0.9065280000000001 0.25090900000000005 0.0964390000000001 0.021818000000000046
0 0.603116 0.888182 0.12017799999999994 0.021818000000000046
0 0.41691399999999995 0.557273 0.04302699999999993 0.012727000000000068
0 0.04043 0.810909 0.040801000000000004 0.012727000000000068
0 0.055638 0.742727 0.035608 0.009090999999999978