0 0.526367 0.402669 0.13085900000000006 0.10481800000000001
0 0.151855 0.170573 0.15136699999999997 0.09244800000000002
0 0.162598 0.430664 0.170898 0.13216099999999997
0 0.817871 0.621094 0.14746100000000006 0.06901000000000002
0 0.80957 0.152344 0.17578099999999997 0.046875
0 0.462402 0.838216 0.10449200000000003 0.03841099999999997
0 0.55127 0.617839 0.09863299999999997 0.055989999999999984
0 0.674316 0.399089 0.0966800000000001 0.04817700000000006
0 0.852539 0.825846 0.0917969999999999 0.08268200000000014
0 0.101074 0.8242190000000001 0.06542999999999999 0.029948000000000086
0 0.436523 0.614258 0.06445299999999998 0.016275999999999957
0 0.844727 0.958659 0.1425780000000001 0.013671999999999981