0 0.382257 0.8197919999999999 0.11365499999999996 0.06458299999999989
0 0.776778 0.7864579999999999 0.10629599999999999 0.06458299999999989
0 0.6574 0.153125 0.08340099999999999 0.06458300000000002
0 0.560507 0.7981770000000001 0.14963199999999996 0.05156200000000008
0 0.878986 0.422917 0.09484900000000007 0.06458300000000002
0 0.109158 0.7911459999999999 0.09403099999999999 0.0375
0 0.519624 0.145313 0.10220799999999995 0.11145800000000002
0 0.8548650000000001 0.148698 0.15944399999999997 0.105729
0 0.893295 0.8187499999999999 0.0825839999999999 0.09270799999999989
0 0.45788999999999996 0.45026 0.081766 0.05052100000000005
0 0.599755 0.39973999999999993 0.08585400000000004 0.03697899999999995
0 0.6369579999999999 0.634635 0.09811899999999993 0.039062000000000076
0 0.10711400000000001 0.41223999999999994 0.11447300000000003 0.03697899999999995
0 0.096484 0.127083 0.09157800000000002 0.029167000000000002
0 0.334424 0.39088500000000004 0.05396599999999997 0.02343800000000004
0 0.376942 0.60625 0.13573199999999996 0.03541700000000011
0 0.388389 0.110677 0.029435999999999993 0.008854000000000006