0 0.14881 0.484512 0.101429 0.06789699999999994
0 0.467143 0.30538200000000004 0.1 0.05381700000000001
0 0.483333 0.473248 0.054286000000000036 0.02534400000000003
0 0.9109520000000001 0.62938 0.1209520000000001 0.034731
0 0.6654760000000001 0.340738 0.11381000000000009 0.05131399999999997
0 0.146905 0.6146750000000001 0.07952400000000001 0.049750000000000065
0 0.13119 0.359199 0.06333299999999999 0.07008800000000001
0 0.7111900000000001 0.45775999999999994 0.0738100000000001 0.04568199999999997
0 0.839048 0.471214 0.04952399999999995 0.036920999999999954
0 0.181429 0.096214 0.048570999999999996 0.018460999999999995
0 0.615476 0.098717 0.03571400000000007 0.012829000000000002
0 0.12071399999999999 0.10841699999999999 0.044285999999999985 0.015332000000000007
0 0.2673809999999999 0.21698999999999996 0.03571399999999996 0.012828999999999965
0 0.452143 0.126095 0.039523999999999955 0.018147999999999987
0 0.861429 0.098248 0.015238000000000024 0.0025030000000000052
0 0.43809499999999996 0.543648 0.033332999999999974 0.012202999999999947
0 0.292857 0.176627 0.147619 0.048498000000000006
0 0.15904800000000002 0.274718 0.04 0.01627