0 0.8566369999999999 0.135 0.08495599999999998 0.07374999999999998
0 0.4247790000000001 0.127188 0.12212400000000004 0.041875
0 0.143805 0.123125 0.09115000000000001 0.045
0 0.4292039999999999 0.395 0.10619500000000003 0.08375
0 0.29823 0.410625 0.08141600000000002 0.07
0 0.19070800000000002 0.810937 0.07876099999999998 0.045625
0 0.5429199999999998 0.14593699999999998 0.057521999999999913 0.05562499999999998
0 0.852655 0.683125 0.06814199999999998 0.06625
0 0.640265 0.1125 0.06106200000000007 0.05125
0 0.738053 0.169375 0.07079599999999996 0.0575
0 0.397345 0.5175 0.10265499999999997 0.05375
0 0.378761 0.261875 0.03539799999999998 0.01375
0 0.601327 0.24875 0.06814199999999998 0.035
0 0.423451 0.23 0.03451299999999999 0.04125
0 0.700885 0.382188 0.044248000000000065 0.046875
0 0.889823 0.95 0.045133000000000055 0.01375