0 0.8647059999999999 0.48291699999999993 0.1137249999999999 0.07083300000000009
0 0.57451 0.10666700000000001 0.11895400000000003 0.06
0 0.118301 0.550417 0.10326799999999997 0.044166999999999915
0 0.49607799999999996 0.519167 0.09280999999999996 0.11
0 0.141176 0.11791700000000001 0.14640499999999998 0.114167
0 0.3725490000000001 0.475833 0.07581699999999998 0.065
0 0.713725 0.814583 0.10719000000000004 0.06416699999999992
0 0.795425 0.06125 0.16601300000000002 0.0375
0 0.7248369999999998 0.3275 0.05620899999999993 0.01
0 0.9 0.16041699999999998 0.03790800000000007 0.03083299999999999
0 0.8810460000000001 0.9545829999999998 0.16732000000000005 0.010833000000000084