0 0.805518 0.081364 0.14131900000000008 0.08272699999999998
0 0.39031000000000005 0.555909 0.13458999999999996 0.09181800000000005
0 0.879542 0.7450000000000001 0.10901699999999988 0.051818000000000045
0 0.901077 0.326818 0.11440100000000004 0.037273000000000035
0 0.14401099999999997 0.7468180000000001 0.11574699999999999 0.051818000000000045
0 0.09757700000000001 0.535455 0.12786000000000003 0.03818199999999995
0 0.403769 0.330909 0.11843900000000002 0.050909000000000024
0 0.09219400000000001 0.323182 0.10094200000000002 0.028181999999999954
0 0.7550470000000001 0.313636 0.06729500000000013 0.025454999999999988
0 0.9313589999999999 0.07363600000000001 0.056527999999999884 0.012726999999999992
0 0.081427 0.9613640000000001 0.12247599999999997 0.01363600000000009
0 0.08344499999999999 0.45318200000000003 0.129206 0.017273000000000035
0 0.774563 0.9690909999999999 0.211306 0.014544999999999907
0 0.886945 0.671364 0.14266499999999982 0.01727299999999993
0 0.9475100000000001 0.9813640000000001 0.03230100000000014 0.01363600000000009