0 0.13907999999999998 0.5485190000000001 0.12873599999999996 0.05407400000000002
0 0.844253 0.551481 0.12298900000000006 0.073333
0 0.762644 0.783704 0.10229899999999989 0.07111100000000002
0 0.379885 0.326667 0.07701099999999994 0.06814800000000004
0 0.429885 0.7622219999999998 0.10574700000000006 0.05481500000000004
0 0.40977 0.10777799999999998 0.14367800000000003 0.08962999999999999
0 0.471839 0.39222200000000007 0.086207 0.073333
0 0.116667 0.775185 0.09310300000000002 0.07481500000000003
0 0.8068969999999999 0.12222200000000001 0.2022989999999999 0.12
0 0.11724100000000001 0.11444399999999999 0.09655200000000003 0.073333
0 0.568391 0.344074 0.09770099999999998 0.1
0 0.717241 0.345556 0.13333300000000006 0.09851899999999997
0 0.266667 0.346667 0.07816099999999997 0.053333
0 0.25747100000000006 0.7870369999999999 0.06896600000000003 0.046667
0 0.12126399999999998 0.321481 0.07471300000000002 0.03851899999999996
0 0.2 0.7962959999999999 0.04597700000000003 0.053333
0 0.882759 0.328148 0.08045999999999995 0.01629599999999999
0 0.31609199999999993 0.527407 0.04597700000000003 0.028148000000000038
0 0.324138 0.928519 0.04597700000000003 0.02
0 0.32413800000000004 0.763704 0.03678200000000006 0.011851999999999963
0 0.286782 0.976667 0.11839100000000002 0.04518499999999996
0 0.44482800000000006 0.561481 0.03678200000000006 0.017777999999999943
0 0.251724 0.535926 0.057471000000000015 0.037777999999999944
0 0.532759 0.824444 0.086207 0.053333
0 0.677586 0.774074 0.058621 0.037036999999999924
0 0.8442529999999999 0.813333 0.02643699999999997 0.022221999999999888