0 0.9085299999999998 0.859231 0.133558 0.07538500000000008
0 0.14758700000000002 0.8665379999999999 0.12906800000000002 0.07461499999999992
0 0.482043 0.591923 0.06621799999999996 0.04538500000000008
0 0.433221 0.453462 0.08080799999999995 0.02692300000000002
0 0.108866 0.414615 0.05387200000000001 0.027692000000000078
0 0.46071799999999996 0.8069230000000001 0.050505 0.029231000000000118
0 0.5577999999999999 0.8526919999999999 0.05836099999999997 0.036153999999999964
0 0.14422000000000001 0.727308 0.169473 0.03153799999999994
0 0.505612 0.386538 0.043770999999999984 0.03923100000000003
0 0.45286199999999993 0.8942310000000001 0.068462 0.025385000000000078
0 0.597643 0.785385 0.02356899999999993 0.010769000000000058
0 0.6374859999999999 0.04307699999999999 0.26487099999999997 0.056922999999999994