0 0.821818 0.77375 0.1 0.07125
0 0.523636 0.14718699999999998 0.11272700000000006 0.05812499999999998
0 0.525909 0.790312 0.046363999999999905 0.049375
0 0.136364 0.8675 0.06545499999999999 0.07125
0 0.7054549999999999 0.7946870000000001 0.054544999999999906 0.061875
0 0.603182 0.7687500000000002 0.07545500000000009 0.055
0 0.923182 0.530937 0.08636400000000001 0.058125
0 0.20136399999999996 0.492188 0.08636399999999998 0.056875
0 0.3940910000000001 0.14156300000000002 0.06818199999999995 0.06562500000000002
0 0.9072729999999999 0.115312 0.06181799999999994 0.038125
0 0.14454499999999998 0.140313 0.04727299999999998 0.07062499999999998
0 0.9127269999999998 0.7103129999999999 0.04363599999999999 0.011875
0 0.18090899999999996 0.771875 0.041817999999999994 0.0275
0 0.374545 0.750938 0.014545000000000011 0.025625
0 0.184545 0.775625 0.05272700000000002 0.04