0 0.733562 0.30848299999999995 0.14109600000000003 0.06855199999999999
0 0.560274 0.29005999999999993 0.13698599999999997 0.10711199999999996
0 0.8520549999999999 0.146101 0.11780799999999993 0.10882600000000002
0 0.263014 0.26992299999999997 0.08767099999999997 0.08054799999999998
0 0.14862999999999998 0.22536399999999998 0.086301 0.056555
0 0.5541100000000001 0.117395 0.11917800000000005 0.125107
0 0.8760269999999999 0.8688949999999999 0.07808199999999986 0.06169699999999992
0 0.8493149999999998 0.622108 0.12054799999999986 0.035990000000000064
0 0.276027 0.7630679999999999 0.075342 0.05227099999999993
0 0.141781 0.6568120000000001 0.083562 0.04370200000000008
0 0.708904 0.7455010000000001 0.07534199999999994 0.029135000000000088
0 0.615753 0.8637530000000001 0.09726000000000007 0.03427600000000009