0 0.43581400000000003 0.36101 0.12919099999999997 0.06194700000000005
0 0.567866 0.377408 0.09239599999999992 0.078084
0 0.551104 0.13873 0.09975500000000008 0.050495000000000005
0 0.134505 0.155648 0.09076000000000001 0.06454999999999998
0 0.8916599999999998 0.18349799999999997 0.08585399999999985 0.07860500000000002
0 0.301717 0.366216 0.06868400000000002 0.09630400000000001
0 0.20114499999999996 0.34903699999999993 0.045788999999999996 0.03383699999999997
0 0.780867 0.13925 0.07031899999999999 0.03383700000000001
0 0.36753899999999995 0.130141 0.10711400000000006 0.02394599999999999
0 0.694603 0.17699100000000004 0.06786599999999994 0.03435699999999997
0 0.10874899999999998 0.336283 0.040883 0.02186399999999997
0 0.381439 0.755856 0.05151300000000001 0.010410999999999965
0 0.31030299999999994 0.831858 0.043335999999999965 0.010410999999999965
0 0.754702 0.530193 0.12428500000000006 0.017179000000000055
0 0.901063 0.883654 0.05396600000000007 0.015096000000000057
0 0.395339 0.701458 0.09239599999999996 0.008849999999999948