0 0.164007 0.4003129999999999 0.11702099999999999 0.076875
0 0.369238 0.11875 0.10372300000000001 0.065
0 0.8590429999999999 0.43125 0.12056700000000004 0.11
0 0.903812 0.77 0.10017699999999996 0.07625
0 0.387411 0.7746870000000001 0.07269499999999998 0.071875
0 0.555851 0.745625 0.07978699999999998 0.0725
0 0.6360820000000001 0.450937 0.080674 0.081875
0 0.14273 0.782188 0.062056999999999994 0.065625
0 0.128546 0.085 0.092199 0.04625
0 0.298759 0.377812 0.06028400000000002 0.023125
0 0.599734 0.08156199999999998 0.04698599999999994 0.025625