0 0.675 0.36082900000000007 0.145 0.089914
0 0.38375 0.624316 0.165 0.089914
0 0.14 0.401486 0.1575 0.05863999999999996
0 0.699375 0.16770900000000002 0.11875 0.03831100000000001
0 0.75125 0.68491 0.1025 0.040657000000000026
0 0.110625 0.847928 0.11875 0.04925699999999997
0 0.448125 0.815481 0.12625 0.05473000000000003
0 0.9 0.5734950000000001 0.09 0.028929000000000066
0 0.815 0.8338550000000001 0.145 0.043001999999999985
0 0.875625 0.286552 0.12125 0.04143900000000003
0 0.20125 0.680219 0.05 0.00781899999999999
0 0.55125 0.8561379999999998 0.0275 0.00781899999999999