0 0.364759 0.150769 0.13916900000000004 0.066154
0 0.39169500000000007 0.8211540000000002 0.11447800000000004 0.05307700000000016
0 0.578002 0.162308 0.08978700000000002 0.08615399999999998
0 0.37037 0.371154 0.15488200000000002 0.057691999999999986
0 0.8585859999999998 0.14038500000000004 0.083053 0.07153800000000003
0 0.5875420000000001 0.38153800000000004 0.10886600000000003 0.08923099999999999
0 0.852974 0.38115399999999994 0.07407399999999993 0.05615399999999996
0 0.397306 0.567308 0.10549899999999995 0.05
0 0.557239 0.558462 0.04825999999999994 0.03846200000000006
0 0.480359 0.9599999999999999 0.20875400000000002 0.016922999999999844
0 0.856902 0.041922999999999995 0.1290679999999999 0.028461999999999994
0 0.635241 0.7534619999999999 0.0404040000000001 0.01153799999999994
0 0.8439959999999999 0.537692 0.017956999999999994 0.012307999999999923
0 0.49607199999999996 0.045385 0.39955100000000005 0.018461999999999992
0 0.945006 0.378846 0.03367000000000008 0.55