0 0.315819 0.48884600000000006 0.12542399999999998 0.08846200000000005
0 0.39943499999999993 0.791923 0.12316399999999998 0.06076899999999997
0 0.453672 0.424231 0.15028199999999994 0.12230800000000006
0 0.6723159999999999 0.52 0.09717499999999997 0.06461499999999992
0 0.153107 0.195385 0.138983 0.06769199999999999
0 0.6824859999999999 0.8973079999999999 0.149153 0.10692299999999984
0 0.844068 0.125385 0.1355929999999999 0.04769199999999999
0 0.05536699999999999 0.421538 0.03841800000000001 0.021537999999999943
0 0.50452 0.7638459999999999 0.053106999999999974 0.04615399999999996
0 0.463842 0.651923 0.08022599999999998 0.04230799999999992
0 0.811299 0.383077 0.006779999999999915 0.064615
0 0.512429 0.587692 0.041808000000000026 0.030769000000000057
0 0.055932 0.384615 0.05988700000000002 0.023077000000000025
0 0.05423700000000001 0.596154 0.06553700000000001 0.2046149999999999