0 0.403809 0.289062 0.12988299999999997 0.04817699999999999
0 0.849121 0.863607 0.124023 0.08528599999999997
0 0.10888699999999998 0.129557 0.08691399999999999 0.06901000000000002
0 0.212891 0.7555339999999999 0.13476600000000002 0.0618489999999999
0 0.431152 0.7093099999999999 0.12207000000000001 0.0462239999999999
0 0.86084 0.111328 0.077148 0.06119800000000001
0 0.820312 0.682292 0.15234400000000003 0.046875
0 0.859375 0.4394529999999999 0.06835900000000006 0.03906199999999993
0 0.10791 0.298177 0.08691399999999999 0.024739999999999984
0 0.84082 0.964193 0.1425780000000001 0.013020999999999875
0 0.42627 0.10904900000000001 0.05761700000000003 0.009766000000000016
0 0.668457 0.10970099999999999 0.06933600000000006 0.00846399999999999
0 0.391602 0.472982 0.09570299999999998 0.016275999999999957
0 0.117676 0.45475299999999996 0.026367000000000015 0.004556999999999996
0 0.595215 0.439779 0.024413999999999936 0.05533900000000003