0 0.37942899999999996 0.724522 0.09828600000000005 0.07165599999999994
0 0.8177139999999999 0.561704 0.12 0.051752000000000055
0 0.8577140000000001 0.724522 0.11542900000000009 0.06687899999999995
0 0.622286 0.121019 0.16342900000000002 0.05414000000000001
0 0.15314300000000003 0.156051 0.098286 0.09554100000000001
0 0.143429 0.514729 0.09257099999999997 0.05652900000000005
0 0.272 0.713376 0.061714000000000005 0.03184699999999997
0 0.422286 0.097532 0.072 0.026273999999999992
0 0.834857 0.10708599999999999 0.04228600000000006 0.026273999999999992
0 0.464 0.501194 0.05714300000000003 0.015127000000000076
0 0.750857 0.44267500000000004 0.33142900000000003 0.012738999999999992