0 0.10700100000000003 0.46875 0.15059400000000003 0.04916699999999992
0 0.8943200000000001 0.8429169999999999 0.12153200000000002 0.07583299999999998
0 0.9147949999999999 0.6524999999999999 0.12021099999999986 0.10166699999999991
0 0.719287 0.47875 0.12813699999999992 0.0725
0 0.521136 0.669583 0.10171700000000002 0.08916699999999991
0 0.299207 0.6275 0.12285300000000003 0.11333300000000009
0 0.04953800000000001 0.7079169999999999 0.099075 0.08416699999999992
0 0.636724 0.6337500000000001 0.08982800000000007 0.0325
0 0.305812 0.9520829999999999 0.10700099999999999 0.03416699999999992
0 0.8560109999999999 0.13166699999999998 0.06076599999999986 0.04333299999999999
0 0.06803200000000001 0.29125 0.077939 0.0325
0 0.443197 0.220833 0.04887699999999992 0.021667000000000013
0 0.137384 0.068333 0.029061999999999994 0.01