0 0.734375 0.594907 0.11041700000000011 0.108333
0 0.3322919999999999 0.851852 0.09791699999999999 0.07592600000000002
0 0.42864599999999997 0.555556 0.065625 0.05555599999999993
0 0.516146 0.41574099999999997 0.09270800000000001 0.06851900000000005
0 0.7156249999999998 0.13009299999999996 0.1208329999999999 0.09907399999999998
0 0.7588539999999999 0.436111 0.065625 0.07777799999999997
0 0.553125 0.321296 0.05 0.07407399999999997
0 0.352604 0.56713 0.046875 0.039814999999999955
0 0.247396 0.409722 0.08854199999999998 0.137963
0 0.728646 0.875463 0.065625 0.11759300000000003
0 0.7500000000000001 0.331019 0.0604170000000001 0.05092600000000003
0 0.782292 0.787037 0.05625 0.05
0 0.6744790000000002 0.898611 0.05729200000000011 0.041667
0 0.321354 0.382407 0.08854199999999998 0.09259300000000002
0 0.255208 0.589815 0.08333300000000002 0.06481499999999996
0 0.376563 0.7773150000000001 0.03645800000000001 0.010185000000000046
0 0.8864579999999999 0.155556 0.1458329999999999 0.19259299999999996
0 0.263542 0.9305560000000002 0.07291699999999998 0.025926000000000022
0 0.257812 0.6745369999999999 0.06770799999999998 0.09907399999999998
0 0.503125 0.9111110000000001 0.06458299999999996 0.11296300000000001
0 0.8864579999999999 0.03194400000000001 0.05 0.012037
0 0.327083 0.136574 0.1625 0.21018499999999998
0 0.375521 0.323611 0.065625 0.08611099999999997