0 0.11301369863013698 0.19465977605512488 0.1 0.07924203273040482
0 0.869095890410959 0.8066322136089578 0.07824657534246561 0.07665805340223945
0 0.4684931506849315 0.8664944013781223 0.09041095890410959 0.046511627906976744
0 0.8694109589041096 0.4557881136950904 0.11684931506849308 0.08067183462532301
0 0.5527397260273973 0.8066322136089578 0.0863013698630137 0.04909560723514212
0 0.24315068493150685 0.15546942291128338 0.10273972602739725 0.08010335917312661
0 0.8336301369863013 0.12618432385874245 0.05875342465753439 0.04909560723514212
0 0.8897260273972603 0.09948320413436693 0.045205479452054796 0.02153316106804479
0 0.14452054794520547 0.8419465977605513 0.13835616438356163 0.13006029285099052
0 0.471 0.1119724375538329 0.0744383561643836 0.03617571059431524
0 0.18356164383561643 0.6739879414298019 0.04657534246575343 0.014642549526270457
0 0.9212328767123288 0.7545219638242894 0.026027397260273973 0.008613264427217916