0 0.415138 0.11731399999999999 0.105505 0.07119699999999998
0 0.9071099999999999 0.11165000000000001 0.1077979999999999 0.04692600000000001
0 0.658257 0.42597099999999993 0.09632999999999992 0.04287999999999997
0 0.152523 0.11893200000000001 0.08945000000000002 0.07928799999999998
0 0.792431 0.41666700000000007 0.08486199999999992 0.038835000000000015
0 0.137615 0.273058 0.077982 0.038026
0 0.269495 0.084951 0.07110100000000003 0.03559899999999999
0 0.117546 0.710356 0.047018 0.02103600000000009
0 0.24713299999999996 0.371359 0.10665099999999997 0.011327000000000016
0 0.299312 0.688107 0.03669699999999997 0.020226999999999936
0 0.4048169999999999 0.6440129999999998 0.08945000000000002 0.008090999999999947
0 0.845757 0.39967600000000003 0.030962999999999984 0.00809100000000004