0 0.3275 0.098164 0.109 0.052259999999999994
0 0.176 0.361582 0.14 0.11723200000000004
0 0.173 0.121116 0.18 0.092514
0 0.6365 0.409605 0.075 0.052260000000000036
0 0.8275 0.549435 0.079 0.08898299999999996
0 0.7265 0.574153 0.095 0.04802299999999995
0 0.8185 0.11934999999999998 0.099 0.11440700000000001
0 0.7915 0.8622880000000002 0.083 0.06214700000000005
0 0.6115 0.7948449999999999 0.161 0.08545199999999994
0 0.2595 0.297669 0.061 0.040253999999999956
0 0.867 0.40571999999999997 0.074 0.11228800000000003