0 0.39381 0.295333 0.07904800000000001 0.07333300000000001
0 0.129524 0.294667 0.08381 0.05733300000000001
0 0.223333 0.183667 0.069524 0.078
0 0.5390480000000001 0.547 0.060952000000000096 0.046
0 0.571905 0.121 0.07714300000000007 0.05
0 0.28381000000000006 0.116 0.057142999999999965 0.036
0 0.871905 0.121667 0.048570999999999996 0.03533300000000001
0 0.044762 0.7373329999999999 0.04 0.017332999999999932
0 0.043333 0.42166700000000007 0.039048000000000006 0.016667000000000067
0 0.569524 0.05800000000000001 0.108571 0.008
0 0.139048 0.9 0.09333299999999999 0.010667000000000067
0 0.540476 0.845 0.0561899999999999 0.008667000000000069