0 0.173344 0.4028649999999999 0.13409600000000002 0.06614600000000005
0 0.23916600000000002 0.7697920000000001 0.15617300000000003 0.0666670000000001
0 0.582584 0.566927 0.09239599999999992 0.07343799999999998
0 0.869174 0.150521 0.11283700000000008 0.044791999999999985
0 0.15045000000000003 0.8747399999999999 0.099755 0.053646000000000055
0 0.349959 0.171354 0.088307 0.065625
0 0.417007 0.776302 0.07522500000000001 0.05052100000000005
0 0.146361 0.166146 0.09157800000000002 0.05104199999999999
0 0.490597 0.22187499999999996 0.09321300000000002 0.022916999999999986
0 0.800082 0.399479 0.13981999999999992 0.03229199999999999
0 0.5306620000000001 0.6499999999999999 0.047423999999999994 0.020832999999999893
0 0.196648 0.08098999999999999 0.23139799999999994 0.021354000000000005
0 0.123467 0.56875 0.037612000000000013 0.008332999999999894
0 0.093622 0.9494790000000001 0.02371200000000001 0.013542000000000106