0 0.47118 0.784062 0.18847200000000003 0.056875
0 0.823422 0.597187 0.10978999999999996 0.041875
0 0.726898 0.775 0.12717300000000012 0.06
0 0.26624 0.685937 0.051235000000000024 0.078125
0 0.45013699999999995 0.3368749999999999 0.15187599999999996 0.03625
0 0.46935 0.559063 0.12808799999999998 0.046875
0 0.165599 0.615313 0.09881100000000001 0.035625
0 0.305124 0.794687 0.10704499999999999 0.036875
0 0.607502 0.33125 0.08417200000000001 0.025
0 0.492681 0.63125 0.08691700000000002 0.04375
0 0.126258 0.3531250000000001 0.05489499999999999 0.04375
0 0.8540710000000001 0.79125 0.09972600000000005 0.04625
0 0.297347 0.38656200000000007 0.13174699999999998 0.159375
0 0.403477 0.870313 0.06953299999999996 0.036875
0 0.21043 0.770312 0.06953300000000001 0.033125
0 0.159195 0.525 0.08234199999999998 0.02125
0 0.12122600000000001 0.7775 0.07593799999999999 0.02125
0 0.8032939999999998 0.258437 0.15187599999999996 0.019375
0 0.309698 0.62125 0.12351299999999994 0.01875
0 0.78774 0.907813 0.04391599999999998 0.015625
0 0.5214999999999999 0.16718699999999997 0.552608 0.103125
0 0.194876 0.650937 0.03659699999999999 0.025625
0 0.135407 0.65125 0.05855400000000001 0.035