0 0.581776 0.8792 0.107477 0.0832
0 0.20502299999999998 0.3068000000000001 0.10163599999999996 0.0648
0 0.44275699999999996 0.864 0.10513999999999994 0.0624
0 0.765771 0.4964 0.12266399999999993 0.0536
0 0.178738 0.5056 0.10514000000000001 0.08
0 0.861565 0.6696 0.07359800000000007 0.0624
0 0.139603 0.884 0.13434600000000002 0.072
0 0.816589 0.7464 0.09112099999999992 0.0496
0 0.139603 0.7076 0.11565399999999999 0.028
0 0.445093 0.6476 0.039719999999999984 0.0312
0 0.724883 0.08719999999999999 0.075935 0.016