0 0.815 0.451562 0.11222200000000006 0.05781299999999998
0 0.615 0.7105469999999999 0.10111100000000003 0.07578099999999992
0 0.8072220000000001 0.148828 0.13444400000000012 0.06953100000000001
0 0.172222 0.44375 0.11333300000000002 0.07031200000000001
0 0.14888899999999997 0.262891 0.11111100000000002 0.06796899999999999
0 0.783333 0.699219 0.062222000000000055 0.053125
0 0.223889 0.7339840000000001 0.10111100000000003 0.04921900000000008
0 0.392222 0.129688 0.06888899999999998 0.034375
0 0.492778 0.20078100000000002 0.056667000000000044 0.03281299999999998
0 0.870556 0.678516 0.05222200000000005 0.03046900000000008
0 0.435 0.5003909999999999 0.08333299999999996 0.03203099999999992
0 0.19722199999999998 0.05625 0.20555600000000002 0.017188000000000002
0 0.21555600000000003 0.185938 0.042221999999999996 0.009375