0 0.269275 0.37176399999999993 0.15880300000000003 0.10598699999999996
0 0.523015 0.668285 0.28653599999999996 0.09870600000000003
0 0.749712 0.878641 0.120829 0.03398100000000005
0 0.7796319999999999 0.35922299999999996 0.09781399999999998 0.08414199999999998
0 0.7025319999999999 0.43487100000000006 0.08400499999999991 0.03479000000000002
0 0.255466 0.6266179999999999 0.14499400000000004 0.07362500000000008
0 0.257192 0.8640780000000001 0.15765200000000001 0.08414199999999998
0 0.22382000000000002 0.128236 0.04718100000000001 0.03479000000000002
0 0.7842350000000001 0.13754 0.06789400000000007 0.059871000000000014
0 0.54603 0.17111699999999996 0.065593 0.04611699999999999
0 0.165708 0.185275 0.07594900000000002 0.02912599999999999
0 0.574223 0.06027500000000001 0.059838999999999996 0.02831699999999999
0 0.417722 0.44134300000000004 0.11277299999999998 0.07847899999999995
0 0.7917149999999998 0.7807439999999999 0.04142699999999995 0.008090999999999947
0 0.747411 0.20064699999999996 0.08400499999999991 0.009708999999999982
0 0.905639 0.187298 0.06904500000000009 0.317961