0 0.106659 0.462143 0.12076700000000001 0.05571400000000007
0 0.887698 0.631071 0.11399499999999994 0.056429000000000056
0 0.07167 0.8382140000000001 0.102709 0.06928599999999993
0 0.09537200000000001 0.12 0.116253 0.074286
0 0.7646729999999999 0.7125 0.09819400000000007 0.05642899999999997
0 0.39559800000000006 0.249643 0.10722300000000005 0.08357100000000002
0 0.462754 0.8471430000000001 0.09706500000000001 0.04857100000000011
0 0.8972909999999998 0.41 0.08577899999999997 0.05571400000000007
0 0.309255 0.835357 0.09480799999999996 0.06214299999999996
0 0.698646 0.491786 0.1264110000000001 0.045
0 0.7505639999999999 0.253214 0.09255099999999998 0.045
0 0.104402 0.631071 0.10270900000000002 0.039285999999999925
0 0.9153500000000001 0.8428570000000001 0.0835210000000001 0.038571000000000105
0 0.284989 0.40285699999999997 0.136569 0.03714299999999996
0 0.59763 0.11857100000000001 0.06884899999999997 0.02
0 0.9226859999999999 0.19857100000000003 0.05756199999999994 0.008571000000000027