0 0.63817 0.772461 0.16913099999999998 0.06054699999999998
0 0.21950099999999997 0.631185 0.15434400000000004 0.12044300000000001
0 0.457948 0.559896 0.07855800000000004 0.037760000000000016
0 0.164048 0.342122 0.08595200000000001 0.041015999999999976
0 0.379852 0.799805 0.16820700000000005 0.09309899999999989
0 0.5854899999999998 0.45638 0.05452899999999996 0.026042000000000048
0 0.813309 0.259115 0.15526800000000004 0.03125
0 0.6792980000000001 0.355794 0.06839200000000008 0.016275999999999957
0 0.498614 0.503906 0.07301300000000001 0.009114999999999984
0 0.555453 0.20247399999999996 0.513863 0.126302
0 0.7606279999999999 0.344076 0.03881700000000001 0.030599000000000005
0 0.235213 0.7460940000000001 0.037893000000000024 0.010417000000000046
0 0.8812379999999999 0.548828 0.043437999999999984 0.019531000000000038