0 0.371711 0.35749999999999993 0.095395 0.063
0 0.509046 0.54 0.10361799999999995 0.098
0 0.554276 0.3535 0.08881600000000003 0.073
0 0.879112 0.368 0.1266450000000001 0.094
0 0.086349 0.231 0.064145 0.066
0 0.43174299999999993 0.136 0.10690800000000006 0.038
0 0.768092 0.364 0.125 0.074
0 0.09375 0.501 0.092105 0.054
0 0.6225329999999999 0.548 0.04440799999999992 0.048
0 0.287829 0.1255 0.05921100000000002 0.033
0 0.40131599999999995 0.5045 0.046052999999999955 0.027000000000000055
0 0.237664 0.4615 0.39638200000000007 0.009
0 0.166118 0.08200000000000002 0.246711 0.018
0 0.11924299999999999 0.778 0.050986999999999984 0.27
0 0.169408 0.5135 0.036184000000000015 0.017
0 0.073191 0.944 0.027960999999999996 0.012