0 0.8548179999999999 0.848096 0.19921899999999995 0.10717400000000003
0 0.18164100000000002 0.8560670000000001 0.19401000000000002 0.10363200000000003
0 0.759766 0.5093 0.13411500000000012 0.07085899999999992
0 0.34375 0.5899030000000001 0.11197899999999998 0.04074400000000005
0 0.529948 0.580602 0.08333299999999995 0.04163
0 0.876953 0.086802 0.12890600000000005 0.03188700000000001
0 0.185547 0.586802 0.13151 0.018600999999999923
0 0.685547 0.298494 0.17317699999999991 0.02657199999999997
0 0.3730470000000001 0.47298500000000004 0.05078100000000004 0.01240000000000009
0 0.194661 0.23914999999999997 0.08984400000000002 0.023028999999999977
0 0.067057 0.486271 0.055990000000000005 0.017714999999999977
0 0.45833300000000005 0.179362 0.15364600000000003 0.02922900000000002
0 0.896484 0.347653 0.14713499999999988 0.031001000000000015
0 0.171875 0.39814 0.0625 0.020372000000000026
0 0.8776040000000002 0.676705 0.04947900000000013 0.01240000000000009
0 0.7109380000000001 0.653233 0.04947900000000013 0.013286000000000036
0 0.403646 0.399026 0.07031200000000008 0.022143000000000027