0 0.852017937219731 0.41535714285714287 0.13004484304932734 0.08071428571428571
0 0.8604260089686099 0.1275 0.12219730941704036 0.09785714285714285
0 0.3236434977578475 0.39775 0.10924887892376683 0.07407857142857145
0 0.856670403587444 0.6089285714285714 0.12299327354260094 0.07785714285714286
0 0.08576233183856502 0.4328571428571429 0.1468609865470852 0.041428571428571426
0 0.679372197309417 0.17484999999999998 0.06058295964125556 0.07444999999999999
0 0.6952130044843049 0.2895285714285714 0.0884641255605382 0.0557571428571429
0 0.4665358744394619 0.6060714285714286 0.09899103139013447 0.05357142857142857
0 0.07286995515695067 0.12392857142857143 0.11883408071748879 0.056428571428571425
0 0.6659753363228699 0.47868571428571427 0.06495515695067271 0.056214285714285744
0 0.5515695067264574 0.28214285714285714 0.06726457399103139 0.041428571428571426
0 0.8888340807174888 0.8867857142857143 0.058643497757847475 0.035428571428571365
0 0.3374439461883408 0.9267857142857143 0.08295964125560538 0.03642857142857143
0 0.34417040358744394 0.6039285714285715 0.013452914798206279 0.08785714285714286
0 0.4618834080717489 0.12392857142857143 0.008968609865470852 0.10928571428571429
0 0.5846412556053812 0.11 0.0795964125560538 0.06142857142857143