0 0.869375 0.42233399999999993 0.13625 0.073887
0 0.599375 0.654492 0.13625 0.044499999999999915
0 0.4525 0.44290500000000005 0.1525 0.11167099999999999
0 0.436875 0.07346800000000002 0.10875 0.056255000000000006
0 0.8775 0.649874 0.105 0.04366099999999994
0 0.88125 0.858942 0.1425 0.0940390000000001
0 0.860625 0.548699 0.14125 0.09319900000000007
0 0.5493749999999998 0.306465 0.08875 0.09907599999999997
0 0.423125 0.6532329999999998 0.11125 0.053735999999999944
0 0.445625 0.8539040000000001 0.11875 0.11250999999999992
0 0.560625 0.073048 0.07875 0.06884999999999998
0 0.319375 0.07220800000000001 0.05625 0.015113000000000001
0 0.078125 0.43366899999999997 0.05124999999999999 0.031066000000000024
0 0.078125 0.42443299999999995 0.05124999999999999 0.012593999999999965
0 0.695625 0.34256899999999996 0.07875 0.020150999999999954