0 0.690603 0.64 0.053783000000000095 0.07083300000000009
0 0.287234 0.100417 0.04728100000000001 0.040000000000000015
0 0.56117 0.09125 0.05378299999999996 0.05583299999999999
0 0.12381799999999998 0.6454170000000001 0.07033099999999999 0.040833000000000085
0 0.367612 0.631042 0.057919999999999985 0.042083000000000086
0 0.830378 0.06875 0.031915 0.04
0 0.790485 0.354375 0.056146999999999996 0.03791700000000001
0 0.786052 0.8945829999999999 0.046098999999999925 0.026666999999999916
0 0.835993 0.625833 0.06442100000000005 0.033333000000000085
0 0.549054 0.36833299999999997 0.12056700000000001 0.045
0 0.31057899999999994 0.496458 0.03368799999999999 0.02375
0 0.31383 0.36125 0.027186999999999968 0.010832999999999988