0 0.422414 0.5796930000000001 0.08850600000000002 0.057443
0 0.664368 0.6067960000000001 0.11264399999999997 0.09061500000000008
0 0.325287 0.094256 0.09655199999999999 0.04288
0 0.668966 0.866505 0.10574700000000006 0.12459500000000008
0 0.138506 0.847896 0.08850600000000002 0.08899700000000005
0 0.6839079999999998 0.385922 0.10804599999999995 0.08414200000000004
0 0.463218 0.08778300000000001 0.11034499999999996 0.03479
0 0.254023 0.309061 0.105747 0.03883499999999997
0 0.6959769999999998 0.13915899999999998 0.08160899999999997 0.05178000000000002
0 0.295402 0.68123 0.034483000000000014 0.008090999999999947
0 0.11034499999999998 0.654531 0.08046 0.01779899999999997
0 0.3419539999999999 0.663026 0.014942999999999986 0.007281999999999976
0 0.8120689999999999 0.350728 0.07471299999999989 0.648058
0 0.347701 0.499595 0.044828 0.008899999999999918