0 0.592018 0.867857 0.17294900000000002 0.07857100000000011
0 0.096452 0.8546429999999999 0.115299 0.09214299999999996
0 0.24556500000000003 0.791429 0.11862499999999998 0.03714299999999996
0 0.39745 0.5771429999999999 0.10753900000000001 0.05428599999999993
0 0.805987 0.8464289999999999 0.09977799999999992 0.05142899999999989
0 0.861973 0.7392860000000001 0.049889000000000086 0.021428999999999972
0 0.386918 0.136786 0.11308199999999997 0.03357099999999998
0 0.4451220000000001 0.43642900000000007 0.05875800000000004 0.02571400000000007
0 0.125277 0.1425 0.06873599999999999 0.012143000000000004
0 0.161308 0.5960710000000001 0.054324 0.010714000000000072
0 0.06153000000000001 0.938929 0.054324 0.015
0 0.519956 0.953929 0.3791570000000001 0.019285999999999928