0 0.6894249999999998 0.10178600000000002 0.0770019999999999 0.07928600000000001
0 0.528234 0.130357 0.13860399999999992 0.08642900000000002
0 0.38501 0.085357 0.08418900000000001 0.076429
0 0.143224 0.801071 0.171458 0.135
0 0.394251 0.539286 0.209446 0.13714299999999996
0 0.602156 0.538214 0.14681699999999992 0.125
0 0.413758 0.761429 0.17659100000000003 0.08285700000000004
0 0.427618 0.3603569999999999 0.05236099999999995 0.04785700000000004
0 0.841889 0.10571400000000002 0.053388 0.04142900000000001
0 0.23254599999999997 0.329643 0.18993799999999997 0.150714
0 0.842402 0.555714 0.16529800000000006 0.15571400000000007
0 0.665298 0.349286 0.07392199999999993 0.021428999999999972
0 0.661191 0.9660709999999999 0.19301800000000005 0.037857000000000036