0 0.38008300000000006 0.7539290000000001 0.12408800000000003 0.07928599999999993
0 0.13243 0.774643 0.12095900000000001 0.065
0 0.8321170000000001 0.465714 0.1501560000000001 0.07714299999999996
0 0.541189 0.83 0.07507800000000005 0.07285700000000003
0 0.864442 0.8725 0.11261699999999995 0.042142999999999965
0 0.8748699999999999 0.74 0.08550600000000004 0.04142899999999997
0 0.9238790000000001 0.063571 0.1501560000000001 0.09142900000000001
0 0.144421 0.083929 0.07612100000000002 0.023571000000000005
0 0.25495300000000004 0.8760710000000002 0.044838000000000024 0.025
0 0.6120960000000001 0.7425000000000002 0.05005200000000011 0.013571000000000107
0 0.07351399999999998 0.670714 0.08863399999999999 0.021429000000000056
0 0.07351399999999998 0.670714 0.09280500000000001 0.03