0 0.394205 0.6475 0.13881400000000005 0.07833300000000008
0 0.47439400000000004 0.46625 0.13477100000000003 0.08083300000000003
0 0.836253 0.14583300000000002 0.12533700000000011 0.07166700000000001
0 0.14083599999999996 0.466667 0.144205 0.10333299999999994
0 0.460243 0.17 0.11994599999999993 0.04
0 0.576146 0.794167 0.14150900000000002 0.07333300000000008
0 0.8685980000000001 0.4654170000000001 0.13342300000000015 0.11083300000000004
0 0.845013 0.6512500000000001 0.13207499999999997 0.09083300000000008
0 0.130728 0.288333 0.185984 0.14
0 0.135445 0.855 0.119946 0.08166699999999992
0 0.072776 0.9433329999999999 0.037736 0.011666999999999917