0 0.398438 0.63875 0.11458299999999995 0.05416699999999992
0 0.545573 0.875 0.09895799999999995 0.05666699999999992
0 0.873698 0.8816669999999999 0.09635400000000012 0.07
0 0.876302 0.659583 0.11979200000000005 0.05416699999999992
0 0.239583 0.646667 0.09895800000000003 0.033333000000000085
0 0.359375 0.298333 0.06510399999999998 0.03
0 0.121094 0.885 0.11458300000000003 0.03
0 0.9173179999999999 0.198333 0.10546899999999997 0.021667000000000013
0 0.09179700000000002 0.298333 0.05338500000000001 0.015
0 0.36002599999999996 0.205833 0.08984399999999997 0.02333299999999999
0 0.49869800000000003 0.6308330000000001 0.041667000000000044 0.018333000000000085