0 0.533186 0.231905 0.09881999999999998 0.09619000000000001
0 0.8738940000000001 0.171905 0.12241900000000003 0.09047599999999999
0 0.525074 0.451429 0.11209399999999999 0.11618999999999996
0 0.717552 0.66619 0.11061900000000001 0.09809499999999995
0 0.34882 0.703333 0.11651900000000003 0.10571400000000007
0 0.653392 0.454286 0.07669600000000008 0.07618999999999995
0 0.59882 0.916667 0.07964600000000005 0.04666700000000003
0 0.13126800000000002 0.437619 0.12389400000000002 0.06380999999999999
0 0.8871680000000001 0.432381 0.09291999999999989 0.08952399999999995
0 0.117257 0.15 0.08407099999999999 0.12095199999999999
0 0.587021 0.638095 0.097345 0.04952399999999995
0 0.334071 0.295238 0.12536899999999998 0.057142999999999965
0 0.20722699999999997 0.877143 0.089971 0.04