0 0.13502700000000004 0.8591670000000001 0.10427800000000002 0.07833300000000008
0 0.5762029999999999 0.304167 0.12566799999999992 0.065
0 0.16042800000000002 0.14625 0.125668 0.0875
0 0.580882 0.145417 0.15374300000000005 0.0925
0 0.18315500000000004 0.2825 0.09625699999999998 0.061667000000000013
0 0.683824 0.668333 0.14037399999999992 0.09833300000000009
0 0.852941 0.158333 0.19251300000000002 0.128333
0 0.5213899999999999 0.845833 0.12032099999999994 0.07833299999999999
0 0.41042800000000007 0.138333 0.09358300000000003 0.07166700000000001
0 0.89639 0.684167 0.07887700000000002 0.026666999999999916
0 0.544118 0.6562500000000001 0.08021400000000006 0.015833000000000083
0 0.372995 0.801667 0.10160399999999999 0.03