0 0.134096 0.337585 0.096484 0.07131699999999999
0 0.126738 0.11166099999999998 0.12755500000000003 0.058823999999999994
0 0.491415 0.10645500000000002 0.10302500000000005 0.05882400000000001
0 0.507768 0.329256 0.09811899999999993 0.058823999999999994
0 0.7547019999999999 0.755856 0.12264899999999991 0.04685099999999999
0 0.880213 0.571317 0.06950099999999992 0.058823999999999994
0 0.131643 0.5551799999999999 0.047423999999999994 0.06402900000000003
0 0.65372 0.146018 0.07277200000000004 0.033836999999999985
0 0.680294 0.5442480000000001 0.10629599999999999 0.03383699999999997
0 0.36794800000000005 0.538261 0.08013100000000002 0.04685099999999999
0 0.753884 0.117387 0.055601000000000046 0.03383700000000001
0 0.905151 0.130141 0.050694999999999935 0.010410999999999995