0 0.700161 0.5075 0.13344100000000006 0.08700000000000006
0 0.883441 0.649 0.1109320000000001 0.108
0 0.8553049999999999 0.4635000000000001 0.13183299999999995 0.077
0 0.35048199999999996 0.155 0.12861699999999995 0.06
0 0.57717 0.632 0.083601 0.04
0 0.120579 0.3315 0.08038599999999999 0.043
0 0.48392300000000005 0.3 0.09003200000000003 0.102
0 0.877814 0.1345 0.09324800000000005 0.027
0 0.107717 0.448 0.06430900000000002 0.01
0 0.17443700000000004 0.0735 0.245981 0.019
0 0.09726699999999999 0.617 0.056270000000000014 0.048
0 0.307878 0.605 0.08520900000000001 0.038