0 0.141275 0.16875000000000004 0.10717400000000002 0.06875
0 0.20637699999999998 0.5275 0.127547 0.07125
0 0.232064 0.09968699999999998 0.13286100000000003 0.066875
0 0.484942 0.736875 0.19043400000000002 0.0875
0 0.6231180000000001 0.098125 0.16917600000000005 0.10125
0 0.88574 0.514687 0.14171799999999993 0.063125
0 0.367139 0.509687 0.128432 0.085625
0 0.624889 0.503437 0.06642999999999998 0.063125
0 0.730292 0.533125 0.09831699999999993 0.07875
0 0.19752000000000003 0.3175 0.09034500000000002 0.11124999999999996
0 0.5872450000000001 0.28218699999999997 0.14880400000000002 0.11687499999999997
0 0.122675 0.36593800000000004 0.05402999999999999 0.070625
0 0.697963 0.719063 0.06554500000000002 0.084375
0 0.674491 0.8990620000000001 0.13729000000000008 0.174375
0 0.444198 0.31093699999999996 0.07174499999999996 0.07812499999999996