0 0.810177 0.440625 0.08938100000000003 0.0575
0 0.39424800000000004 0.6746870000000001 0.1 0.093125
0 0.251327 0.469062 0.13097300000000003 0.111875
0 0.673894 0.693125 0.09469000000000007 0.085
0 0.4796460000000001 0.653125 0.05486700000000005 0.06625
0 0.850885 0.6809370000000001 0.10176999999999997 0.081875
0 0.162832 0.296563 0.06725699999999998 0.083125
0 0.4079650000000001 0.844375 0.08849600000000003 0.04375
0 0.576991 0.734375 0.07079599999999996 0.05375
0 0.6438050000000001 0.26 0.08761100000000005 0.0725
0 0.49115000000000003 0.115 0.05486700000000005 0.05375
0 0.24646000000000004 0.261562 0.06814199999999998 0.045625
0 0.199558 0.884687 0.06637199999999997 0.058125
0 0.6907079999999999 0.16843699999999998 0.055751999999999934 0.030625
0 0.126106 0.13 0.045133000000000006 0.045
0 0.35708 0.364375 0.530088 0.00875