0 0.850588 0.8558389999999999 0.13176500000000005 0.04306599999999989
0 0.3894119999999999 0.14561999999999997 0.138824 0.06350400000000003
0 0.075294 0.639051 0.08705899999999998 0.057663999999999924
0 0.08 0.238686 0.09882400000000001 0.03357700000000001
0 0.145882 0.419343 0.12705900000000003 0.043066000000000056
0 0.66 0.743431 0.08 0.045984999999999936
0 0.858235 0.40401500000000007 0.13529400000000003 0.028467000000000055
0 0.543529 0.20145999999999997 0.06588199999999995 0.03357700000000001
0 0.895882 0.74635 0.0741179999999999 0.021168000000000037
0 0.41647099999999987 0.8386860000000002 0.08941199999999994 0.008759000000000147
0 0.547059 0.628467 0.04 0.008758999999999982
0 0.6523529999999998 0.6215329999999999 0.04823499999999994 0.008029